
SUMMARISING RUN PARAMETERS
==========================
Input filename: raw/10_R1_001.fastq.gz
Trimming mode: paired-end
Trim Galore version: 0.6.6
Cutadapt version: 4.1
Python version: 3.9.12
Number of cores used for trimming: 8
Quality Phred score cutoff: 20
Quality encoding type selected: ASCII+33
Adapter sequence: 'AGATCGGAAGAGC' (Illumina TruSeq, Sanger iPCR; user defined)
Maximum trimming error rate: 0.1 (default)
Minimum required adapter overlap (stringency): 3 bp
Minimum required sequence length for both reads before a sequence pair gets removed: 20 bp
Output file will be GZIP compressed


This is cutadapt 4.1 with Python 3.9.12
Command line parameters: -j 8 -e 0.1 -q 20 -O 3 -a AGATCGGAAGAGC raw/10_R1_001.fastq.gz
Processing single-end reads on 8 cores ...
Finished in 535.21 s (11 µs/read; 5.43 M reads/minute).

=== Summary ===

Total reads processed:              48,420,270
Reads with adapters:                 5,168,312 (10.7%)
Reads written (passing filters):    48,420,270 (100.0%)

Total basepairs processed: 7,263,040,500 bp
Quality-trimmed:              17,149,870 bp (0.2%)
Total written (filtered):  7,141,380,036 bp (98.3%)

=== Adapter 1 ===

Sequence: AGATCGGAAGAGC; Type: regular 3'; Length: 13; Trimmed: 5168312 times

Minimum overlap: 3
No. of allowed errors:
1-9 bp: 0; 10-13 bp: 1

Bases preceding removed adapters:
  A: 24.6%
  C: 28.4%
  G: 27.6%
  T: 17.7%
  none/other: 1.8%

Overview of removed sequences
length	count	expect	max.err	error counts
3	1151734	756566.7	0	1151734
4	360074	189141.7	0	360074
5	174309	47285.4	0	174309
6	128485	11821.4	0	128485
7	114303	2955.3	0	114303
8	104938	738.8	0	104938
9	101775	184.7	0	99097 2678
10	97964	46.2	1	93194 4770
11	99695	11.5	1	94796 4899
12	101525	2.9	1	97089 4436
13	108167	0.7	1	103162 5005
14	112010	0.7	1	106738 5272
15	113194	0.7	1	107694 5500
16	108828	0.7	1	103679 5149
17	102299	0.7	1	97564 4735
18	90032	0.7	1	86359 3673
19	84773	0.7	1	81062 3711
20	78106	0.7	1	74308 3798
21	79721	0.7	1	75974 3747
22	79727	0.7	1	76407 3320
23	83744	0.7	1	79999 3745
24	86970	0.7	1	82994 3976
25	89979	0.7	1	85817 4162
26	85320	0.7	1	81765 3555
27	80090	0.7	1	76226 3864
28	73712	0.7	1	69836 3876
29	63611	0.7	1	60777 2834
30	57548	0.7	1	55120 2428
31	55748	0.7	1	53106 2642
32	58448	0.7	1	55545 2903
33	57146	0.7	1	54564 2582
34	62068	0.7	1	58921 3147
35	60943	0.7	1	58337 2606
36	61131	0.7	1	58333 2798
37	57624	0.7	1	54859 2765
38	48556	0.7	1	46220 2336
39	42130	0.7	1	40373 1757
40	38569	0.7	1	36932 1637
41	33389	0.7	1	31869 1520
42	34616	0.7	1	32830 1786
43	34316	0.7	1	32558 1758
44	56724	0.7	1	54594 2130
45	27982	0.7	1	26770 1212
46	34100	0.7	1	32979 1121
47	18147	0.7	1	17023 1124
48	39399	0.7	1	38026 1373
49	21770	0.7	1	20695 1075
50	26713	0.7	1	25709 1004
51	14900	0.7	1	13816 1084
52	44878	0.7	1	43583 1295
53	30360	0.7	1	29697 663
54	5848	0.7	1	5318 530
55	22943	0.7	1	22222 721
56	19651	0.7	1	19158 493
57	6340	0.7	1	6084 256
58	2755	0.7	1	2604 151
59	2132	0.7	1	2020 112
60	737	0.7	1	662 75
61	1060	0.7	1	970 90
62	814	0.7	1	738 76
63	525	0.7	1	449 76
64	710	0.7	1	621 89
65	1686	0.7	1	1582 104
66	624	0.7	1	513 111
67	1726	0.7	1	1596 130
68	1457	0.7	1	1356 101
69	1243	0.7	1	1136 107
70	1099	0.7	1	994 105
71	1228	0.7	1	1128 100
72	1214	0.7	1	1094 120
73	1498	0.7	1	1369 129
74	1702	0.7	1	1597 105
75	1633	0.7	1	1528 105
76	1622	0.7	1	1520 102
77	1658	0.7	1	1554 104
78	1435	0.7	1	1324 111
79	1323	0.7	1	1220 103
80	1024	0.7	1	923 101
81	898	0.7	1	824 74
82	800	0.7	1	726 74
83	704	0.7	1	633 71
84	678	0.7	1	615 63
85	639	0.7	1	565 74
86	648	0.7	1	578 70
87	652	0.7	1	578 74
88	667	0.7	1	602 65
89	590	0.7	1	521 69
90	563	0.7	1	463 100
91	461	0.7	1	412 49
92	422	0.7	1	348 74
93	339	0.7	1	288 51
94	351	0.7	1	257 94
95	332	0.7	1	267 65
96	302	0.7	1	248 54
97	322	0.7	1	277 45
98	316	0.7	1	270 46
99	306	0.7	1	268 38
100	294	0.7	1	222 72
101	249	0.7	1	184 65
102	213	0.7	1	175 38
103	226	0.7	1	185 41
104	209	0.7	1	155 54
105	183	0.7	1	152 31
106	197	0.7	1	141 56
107	195	0.7	1	145 50
108	190	0.7	1	131 59
109	180	0.7	1	139 41
110	163	0.7	1	116 47
111	174	0.7	1	112 62
112	123	0.7	1	98 25
113	156	0.7	1	93 63
114	153	0.7	1	93 60
115	107	0.7	1	77 30
116	139	0.7	1	103 36
117	153	0.7	1	84 69
118	115	0.7	1	82 33
119	124	0.7	1	72 52
120	99	0.7	1	70 29
121	123	0.7	1	78 45
122	77	0.7	1	57 20
123	101	0.7	1	53 48
124	90	0.7	1	65 25
125	103	0.7	1	71 32
126	129	0.7	1	62 67
127	96	0.7	1	69 27
128	85	0.7	1	56 29
129	108	0.7	1	75 33
130	87	0.7	1	53 34
131	117	0.7	1	87 30
132	93	0.7	1	69 24
133	62	0.7	1	41 21
134	234	0.7	1	191 43
135	76	0.7	1	53 23
136	75	0.7	1	43 32
137	98	0.7	1	61 37
138	126	0.7	1	93 33
139	52	0.7	1	36 16
140	86	0.7	1	49 37
141	298	0.7	1	274 24
142	88	0.7	1	62 26
143	70	0.7	1	40 30
144	74	0.7	1	50 24
145	77	0.7	1	40 37
146	43	0.7	1	26 17
147	155	0.7	1	57 98
148	116	0.7	1	46 70
149	1612	0.7	1	28 1584
150	92152	0.7	1	1317 90835

RUN STATISTICS FOR INPUT FILE: raw/10_R1_001.fastq.gz
=============================================
48420270 sequences processed in total

