
SUMMARISING RUN PARAMETERS
==========================
Input filename: raw/10_R2_001.fastq.gz
Trimming mode: paired-end
Trim Galore version: 0.6.6
Cutadapt version: 4.1
Python version: 3.9.12
Number of cores used for trimming: 8
Quality Phred score cutoff: 20
Quality encoding type selected: ASCII+33
Adapter sequence: 'AGATCGGAAGAGC' (Illumina TruSeq, Sanger iPCR; user defined)
Maximum trimming error rate: 0.1 (default)
Minimum required adapter overlap (stringency): 3 bp
Minimum required sequence length for both reads before a sequence pair gets removed: 20 bp
Output file will be GZIP compressed


This is cutadapt 4.1 with Python 3.9.12
Command line parameters: -j 8 -e 0.1 -q 20 -O 3 -a AGATCGGAAGAGC raw/10_R2_001.fastq.gz
Processing single-end reads on 8 cores ...
Finished in 536.84 s (11 µs/read; 5.41 M reads/minute).

=== Summary ===

Total reads processed:              48,420,270
Reads with adapters:                 5,027,565 (10.4%)
Reads written (passing filters):    48,420,270 (100.0%)

Total basepairs processed: 7,263,040,500 bp
Quality-trimmed:              31,467,024 bp (0.4%)
Total written (filtered):  7,144,438,933 bp (98.4%)

=== Adapter 1 ===

Sequence: AGATCGGAAGAGC; Type: regular 3'; Length: 13; Trimmed: 5027565 times

Minimum overlap: 3
No. of allowed errors:
1-9 bp: 0; 10-13 bp: 1

Bases preceding removed adapters:
  A: 24.6%
  C: 29.1%
  G: 28.0%
  T: 18.2%
  none/other: 0.1%

Overview of removed sequences
length	count	expect	max.err	error counts
3	1110274	756566.7	0	1110274
4	354475	189141.7	0	354475
5	173461	47285.4	0	173461
6	128922	11821.4	0	128922
7	114805	2955.3	0	114805
8	105907	738.8	0	105907
9	101960	184.7	0	99820 2140
10	99828	46.2	1	95167 4661
11	100092	11.5	1	95505 4587
12	109138	2.9	1	104601 4537
13	102452	0.7	1	99203 3249
14	113567	0.7	1	108552 5015
15	115868	0.7	1	110871 4997
16	104709	0.7	1	100428 4281
17	103839	0.7	1	98831 5008
18	92913	0.7	1	88899 4014
19	190966	0.7	1	182728 8238
20	40640	0.7	1	38419 2221
21	27485	0.7	1	26164 1321
22	70197	0.7	1	67465 2732
23	84080	0.7	1	80639 3441
24	159075	0.7	1	151732 7343
25	47164	0.7	1	44663 2501
26	84654	0.7	1	81510 3144
27	151808	0.7	1	146174 5634
28	45607	0.7	1	43713 1894
29	79667	0.7	1	77113 2554
30	61424	0.7	1	59479 1945
31	21481	0.7	1	20611 870
32	59307	0.7	1	57131 2176
33	154509	0.7	1	150597 3912
34	73470	0.7	1	71363 2107
35	21280	0.7	1	20483 797
36	63741	0.7	1	61975 1766
37	27276	0.7	1	26352 924
38	36361	0.7	1	35135 1226
39	142154	0.7	1	139310 2844
40	15407	0.7	1	14778 629
41	12926	0.7	1	12362 564
42	13058	0.7	1	12535 523
43	37396	0.7	1	36356 1040
44	11806	0.7	1	11267 539
45	57967	0.7	1	56488 1479
46	5322	0.7	1	4971 351
47	16053	0.7	1	15474 579
48	22126	0.7	1	21527 599
49	7466	0.7	1	7129 337
50	12781	0.7	1	12305 476
51	11252	0.7	1	10835 417
52	13944	0.7	1	13505 439
53	1460	0.7	1	1228 232
54	9801	0.7	1	9482 319
55	12902	0.7	1	12476 426
56	5541	0.7	1	5302 239
57	13142	0.7	1	12703 439
58	10888	0.7	1	10550 338
59	3396	0.7	1	3185 211
60	2199	0.7	1	2042 157
61	2531	0.7	1	2381 150
62	6725	0.7	1	6459 266
63	956	0.7	1	849 107
64	3619	0.7	1	3446 173
65	1509	0.7	1	1400 109
66	2297	0.7	1	2162 135
67	3787	0.7	1	3598 189
68	1661	0.7	1	1538 123
69	880	0.7	1	766 114
70	2588	0.7	1	2448 140
71	775	0.7	1	673 102
72	1258	0.7	1	1117 141
73	1926	0.7	1	1767 159
74	2070	0.7	1	1964 106
75	1535	0.7	1	1408 127
76	498	0.7	1	421 77
77	505	0.7	1	439 66
78	744	0.7	1	670 74
79	957	0.7	1	891 66
80	810	0.7	1	747 63
81	821	0.7	1	734 87
82	740	0.7	1	660 80
83	699	0.7	1	616 83
84	670	0.7	1	593 77
85	619	0.7	1	543 76
86	676	0.7	1	604 72
87	631	0.7	1	571 60
88	696	0.7	1	623 73
89	629	0.7	1	533 96
90	578	0.7	1	490 88
91	484	0.7	1	434 50
92	431	0.7	1	376 55
93	370	0.7	1	305 65
94	366	0.7	1	281 85
95	371	0.7	1	284 87
96	333	0.7	1	286 47
97	324	0.7	1	278 46
98	340	0.7	1	285 55
99	318	0.7	1	273 45
100	334	0.7	1	252 82
101	258	0.7	1	215 43
102	241	0.7	1	199 42
103	255	0.7	1	201 54
104	236	0.7	1	184 52
105	203	0.7	1	162 41
106	205	0.7	1	157 48
107	198	0.7	1	163 35
108	199	0.7	1	150 49
109	217	0.7	1	164 53
110	192	0.7	1	141 51
111	185	0.7	1	135 50
112	159	0.7	1	124 35
113	177	0.7	1	105 72
114	135	0.7	1	95 40
115	110	0.7	1	85 25
116	155	0.7	1	107 48
117	134	0.7	1	95 39
118	121	0.7	1	89 32
119	126	0.7	1	88 38
120	106	0.7	1	77 29
121	117	0.7	1	86 31
122	85	0.7	1	68 17
123	92	0.7	1	63 29
124	106	0.7	1	80 26
125	95	0.7	1	75 20
126	116	0.7	1	67 49
127	99	0.7	1	73 26
128	100	0.7	1	61 39
129	104	0.7	1	79 25
130	78	0.7	1	58 20
131	112	0.7	1	88 24
132	93	0.7	1	70 23
133	74	0.7	1	42 32
134	238	0.7	1	198 40
135	75	0.7	1	51 24
136	86	0.7	1	41 45
137	95	0.7	1	64 31
138	154	0.7	1	110 44
139	55	0.7	1	39 16
140	78	0.7	1	46 32
141	293	0.7	1	269 24
142	80	0.7	1	62 18
143	60	0.7	1	39 21
144	61	0.7	1	51 10
145	53	0.7	1	37 16
146	34	0.7	1	26 8
147	130	0.7	1	57 73
148	80	0.7	1	44 36
149	78	0.7	1	34 44
150	1582	0.7	1	1305 277

RUN STATISTICS FOR INPUT FILE: raw/10_R2_001.fastq.gz
=============================================
48420270 sequences processed in total

Total number of sequences analysed for the sequence pair length validation: 48420270

Number of sequence pairs removed because at least one read was shorter than the length cutoff (20 bp): 108298 (0.22%)
