
SUMMARISING RUN PARAMETERS
==========================
Input filename: raw/13_R1_001.fastq.gz
Trimming mode: paired-end
Trim Galore version: 0.6.6
Cutadapt version: 4.1
Python version: 3.9.12
Number of cores used for trimming: 8
Quality Phred score cutoff: 20
Quality encoding type selected: ASCII+33
Adapter sequence: 'AGATCGGAAGAGC' (Illumina TruSeq, Sanger iPCR; user defined)
Maximum trimming error rate: 0.1 (default)
Minimum required adapter overlap (stringency): 3 bp
Minimum required sequence length for both reads before a sequence pair gets removed: 20 bp
Output file will be GZIP compressed


This is cutadapt 4.1 with Python 3.9.12
Command line parameters: -j 8 -e 0.1 -q 20 -O 3 -a AGATCGGAAGAGC raw/13_R1_001.fastq.gz
Processing single-end reads on 8 cores ...
Finished in 483.83 s (11 µs/read; 5.50 M reads/minute).

=== Summary ===

Total reads processed:              44,334,847
Reads with adapters:                 4,503,649 (10.2%)
Reads written (passing filters):    44,334,847 (100.0%)

Total basepairs processed: 6,650,227,050 bp
Quality-trimmed:              16,159,722 bp (0.2%)
Total written (filtered):  6,538,819,554 bp (98.3%)

=== Adapter 1 ===

Sequence: AGATCGGAAGAGC; Type: regular 3'; Length: 13; Trimmed: 4503649 times

Minimum overlap: 3
No. of allowed errors:
1-9 bp: 0; 10-13 bp: 1

Bases preceding removed adapters:
  A: 23.2%
  C: 28.3%
  G: 28.2%
  T: 17.6%
  none/other: 2.7%

Overview of removed sequences
length	count	expect	max.err	error counts
3	1023579	692732.0	0	1023579
4	319980	173183.0	0	319980
5	151442	43295.7	0	151442
6	110224	10823.9	0	110224
7	100343	2706.0	0	100343
8	91151	676.5	0	91151
9	89075	169.1	0	87523 1552
10	85237	42.3	1	82314 2923
11	87190	10.6	1	83932 3258
12	89907	2.6	1	87192 2715
13	93524	0.7	1	90822 2702
14	99155	0.7	1	95897 3258
15	97634	0.7	1	94606 3028
16	94804	0.7	1	91549 3255
17	86191	0.7	1	83416 2775
18	76276	0.7	1	74242 2034
19	72152	0.7	1	70039 2113
20	66308	0.7	1	63941 2367
21	67489	0.7	1	65182 2307
22	68942	0.7	1	66856 2086
23	72314	0.7	1	70136 2178
24	75166	0.7	1	72750 2416
25	76827	0.7	1	74331 2496
26	71991	0.7	1	69973 2018
27	67603	0.7	1	65460 2143
28	61722	0.7	1	59292 2430
29	53632	0.7	1	51886 1746
30	48367	0.7	1	47004 1363
31	46973	0.7	1	45457 1516
32	48824	0.7	1	47016 1808
33	47987	0.7	1	46524 1463
34	51743	0.7	1	49949 1794
35	51478	0.7	1	49933 1545
36	50800	0.7	1	49195 1605
37	46729	0.7	1	45229 1500
38	40017	0.7	1	39056 961
39	34405	0.7	1	33427 978
40	32397	0.7	1	31264 1133
41	28431	0.7	1	27669 762
42	28576	0.7	1	27632 944
43	28206	0.7	1	27385 821
44	49136	0.7	1	47800 1336
45	23567	0.7	1	22980 587
46	28699	0.7	1	28084 615
47	10190	0.7	1	9812 378
48	22830	0.7	1	22262 568
49	18743	0.7	1	18186 557
50	16701	0.7	1	16171 530
51	13810	0.7	1	13336 474
52	15692	0.7	1	15204 488
53	17708	0.7	1	17241 467
54	11435	0.7	1	11102 333
55	16772	0.7	1	16394 378
56	21857	0.7	1	21474 383
57	17964	0.7	1	17634 330
58	9970	0.7	1	9773 197
59	4074	0.7	1	3945 129
60	2459	0.7	1	2381 78
61	1288	0.7	1	1200 88
62	2029	0.7	1	1954 75
63	2030	0.7	1	1944 86
64	1381	0.7	1	1305 76
65	820	0.7	1	699 121
66	978	0.7	1	907 71
67	2182	0.7	1	2071 111
68	2310	0.7	1	2171 139
69	1915	0.7	1	1819 96
70	1619	0.7	1	1522 97
71	1327	0.7	1	1239 88
72	1305	0.7	1	1165 140
73	1343	0.7	1	1228 115
74	1310	0.7	1	1225 85
75	1421	0.7	1	1323 98
76	1406	0.7	1	1297 109
77	1383	0.7	1	1291 92
78	1264	0.7	1	1176 88
79	1091	0.7	1	986 105
80	957	0.7	1	853 104
81	858	0.7	1	751 107
82	717	0.7	1	622 95
83	694	0.7	1	603 91
84	582	0.7	1	491 91
85	527	0.7	1	473 54
86	536	0.7	1	472 64
87	614	0.7	1	546 68
88	531	0.7	1	472 59
89	574	0.7	1	479 95
90	520	0.7	1	438 82
91	426	0.7	1	342 84
92	398	0.7	1	328 70
93	327	0.7	1	285 42
94	354	0.7	1	254 100
95	335	0.7	1	249 86
96	287	0.7	1	232 55
97	301	0.7	1	256 45
98	310	0.7	1	226 84
99	276	0.7	1	247 29
100	349	0.7	1	225 124
101	265	0.7	1	194 71
102	231	0.7	1	193 38
103	194	0.7	1	146 48
104	207	0.7	1	168 39
105	195	0.7	1	147 48
106	185	0.7	1	123 62
107	190	0.7	1	132 58
108	159	0.7	1	121 38
109	199	0.7	1	147 52
110	211	0.7	1	148 63
111	158	0.7	1	114 44
112	119	0.7	1	96 23
113	177	0.7	1	122 55
114	167	0.7	1	109 58
115	161	0.7	1	117 44
116	160	0.7	1	115 45
117	192	0.7	1	115 77
118	272	0.7	1	226 46
119	265	0.7	1	209 56
120	134	0.7	1	78 56
121	238	0.7	1	174 64
122	188	0.7	1	103 85
123	144	0.7	1	64 80
124	131	0.7	1	67 64
125	96	0.7	1	62 34
126	152	0.7	1	70 82
127	127	0.7	1	59 68
128	116	0.7	1	70 46
129	86	0.7	1	40 46
130	102	0.7	1	60 42
131	100	0.7	1	56 44
132	92	0.7	1	59 33
133	93	0.7	1	44 49
134	287	0.7	1	240 47
135	119	0.7	1	70 49
136	81	0.7	1	39 42
137	118	0.7	1	85 33
138	123	0.7	1	88 35
139	75	0.7	1	44 31
140	75	0.7	1	40 35
141	292	0.7	1	251 41
142	107	0.7	1	60 47
143	81	0.7	1	49 32
144	63	0.7	1	27 36
145	85	0.7	1	30 55
146	70	0.7	1	36 34
147	217	0.7	1	32 185
148	170	0.7	1	35 135
149	1965	0.7	1	43 1922
150	118942	0.7	1	2305 116637

RUN STATISTICS FOR INPUT FILE: raw/13_R1_001.fastq.gz
=============================================
44334847 sequences processed in total

