
SUMMARISING RUN PARAMETERS
==========================
Input filename: raw/14_R1_001.fastq.gz
Trimming mode: paired-end
Trim Galore version: 0.6.6
Cutadapt version: 4.1
Python version: 3.9.12
Number of cores used for trimming: 8
Quality Phred score cutoff: 20
Quality encoding type selected: ASCII+33
Adapter sequence: 'AGATCGGAAGAGC' (Illumina TruSeq, Sanger iPCR; user defined)
Maximum trimming error rate: 0.1 (default)
Minimum required adapter overlap (stringency): 3 bp
Minimum required sequence length for both reads before a sequence pair gets removed: 20 bp
Output file will be GZIP compressed


This is cutadapt 4.1 with Python 3.9.12
Command line parameters: -j 8 -e 0.1 -q 20 -O 3 -a AGATCGGAAGAGC raw/14_R1_001.fastq.gz
Processing single-end reads on 8 cores ...
Finished in 441.92 s (11 µs/read; 5.42 M reads/minute).

=== Summary ===

Total reads processed:              39,939,541
Reads with adapters:                 5,430,934 (13.6%)
Reads written (passing filters):    39,939,541 (100.0%)

Total basepairs processed: 5,990,931,150 bp
Quality-trimmed:              14,262,989 bp (0.2%)
Total written (filtered):  5,854,541,056 bp (97.7%)

=== Adapter 1 ===

Sequence: AGATCGGAAGAGC; Type: regular 3'; Length: 13; Trimmed: 5430934 times

Minimum overlap: 3
No. of allowed errors:
1-9 bp: 0; 10-13 bp: 1

Bases preceding removed adapters:
  A: 22.7%
  C: 29.2%
  G: 27.6%
  T: 17.9%
  none/other: 2.6%

Overview of removed sequences
length	count	expect	max.err	error counts
3	954347	624055.3	0	954347
4	335711	156013.8	0	335711
5	177195	39003.5	0	177195
6	140241	9750.9	0	140241
7	128685	2437.7	0	128685
8	118828	609.4	0	118828
9	114741	152.4	0	113640 1101
10	109397	38.1	1	104893 4504
11	112083	9.5	1	107086 4997
12	114039	2.4	1	109550 4489
13	120425	0.6	1	115136 5289
14	125369	0.6	1	119904 5465
15	126925	0.6	1	121356 5569
16	125128	0.6	1	119507 5621
17	116508	0.6	1	111305 5203
18	102488	0.6	1	98777 3711
19	102264	0.6	1	97983 4281
20	85399	0.6	1	81555 3844
21	87312	0.6	1	83809 3503
22	91127	0.6	1	87593 3534
23	95208	0.6	1	91211 3997
24	98926	0.6	1	94639 4287
25	101437	0.6	1	97187 4250
26	97114	0.6	1	93303 3811
27	90710	0.6	1	86710 4000
28	84060	0.6	1	80131 3929
29	73985	0.6	1	70904 3081
30	65336	0.6	1	62822 2514
31	62892	0.6	1	60096 2796
32	65642	0.6	1	62665 2977
33	64962	0.6	1	62207 2755
34	68227	0.6	1	65240 2987
35	70487	0.6	1	67459 3028
36	70421	0.6	1	67337 3084
37	61915	0.6	1	59698 2217
38	55662	0.6	1	53634 2028
39	48596	0.6	1	46833 1763
40	43482	0.6	1	41621 1861
41	39279	0.6	1	37758 1521
42	39343	0.6	1	37575 1768
43	38607	0.6	1	36935 1672
44	60407	0.6	1	58129 2278
45	27833	0.6	1	26872 961
46	29964	0.6	1	28951 1013
47	32623	0.6	1	31497 1126
48	30623	0.6	1	29424 1199
49	25639	0.6	1	24662 977
50	22254	0.6	1	21315 939
51	18539	0.6	1	17700 839
52	19128	0.6	1	18235 893
53	19647	0.6	1	18851 796
54	16852	0.6	1	16178 674
55	19882	0.6	1	19115 767
56	24148	0.6	1	23394 754
57	23198	0.6	1	22451 747
58	18050	0.6	1	17461 589
59	9878	0.6	1	9522 356
60	6224	0.6	1	6011 213
61	3481	0.6	1	3307 174
62	4478	0.6	1	4282 196
63	4028	0.6	1	3874 154
64	2971	0.6	1	2854 117
65	1761	0.6	1	1654 107
66	1942	0.6	1	1819 123
67	2590	0.6	1	2472 118
68	2896	0.6	1	2750 146
69	2632	0.6	1	2495 137
70	2193	0.6	1	2072 121
71	1878	0.6	1	1769 109
72	1681	0.6	1	1557 124
73	1710	0.6	1	1578 132
74	1690	0.6	1	1596 94
75	1662	0.6	1	1576 86
76	1809	0.6	1	1691 118
77	1810	0.6	1	1721 89
78	1551	0.6	1	1469 82
79	1407	0.6	1	1336 71
80	1098	0.6	1	1011 87
81	942	0.6	1	870 72
82	787	0.6	1	706 81
83	726	0.6	1	647 79
84	662	0.6	1	619 43
85	696	0.6	1	633 63
86	660	0.6	1	610 50
87	657	0.6	1	611 46
88	650	0.6	1	587 63
89	598	0.6	1	545 53
90	548	0.6	1	469 79
91	467	0.6	1	404 63
92	405	0.6	1	359 46
93	378	0.6	1	332 46
94	374	0.6	1	282 92
95	368	0.6	1	289 79
96	284	0.6	1	243 41
97	282	0.6	1	243 39
98	312	0.6	1	273 39
99	263	0.6	1	229 34
100	271	0.6	1	222 49
101	216	0.6	1	186 30
102	238	0.6	1	203 35
103	190	0.6	1	148 42
104	167	0.6	1	129 38
105	173	0.6	1	134 39
106	148	0.6	1	106 42
107	167	0.6	1	139 28
108	191	0.6	1	160 31
109	170	0.6	1	137 33
110	139	0.6	1	102 37
111	148	0.6	1	103 45
112	119	0.6	1	91 28
113	118	0.6	1	89 29
114	127	0.6	1	91 36
115	98	0.6	1	76 22
116	117	0.6	1	79 38
117	153	0.6	1	103 50
118	183	0.6	1	139 44
119	195	0.6	1	157 38
120	135	0.6	1	94 41
121	198	0.6	1	146 52
122	113	0.6	1	88 25
123	104	0.6	1	63 41
124	87	0.6	1	45 42
125	77	0.6	1	45 32
126	89	0.6	1	42 47
127	69	0.6	1	29 40
128	50	0.6	1	37 13
129	61	0.6	1	35 26
130	70	0.6	1	54 16
131	36	0.6	1	21 15
132	68	0.6	1	48 20
133	62	0.6	1	31 31
134	369	0.6	1	332 37
135	102	0.6	1	66 36
136	64	0.6	1	27 37
137	125	0.6	1	82 43
138	103	0.6	1	80 23
139	66	0.6	1	41 25
140	58	0.6	1	23 35
141	405	0.6	1	381 24
142	57	0.6	1	40 17
143	62	0.6	1	40 22
144	56	0.6	1	29 27
145	59	0.6	1	17 42
146	69	0.6	1	17 52
147	151	0.6	1	26 125
148	115	0.6	1	30 85
149	2388	0.6	1	43 2345
150	137419	0.6	1	2394 135025

RUN STATISTICS FOR INPUT FILE: raw/14_R1_001.fastq.gz
=============================================
39939541 sequences processed in total

