
SUMMARISING RUN PARAMETERS
==========================
Input filename: raw/17_R2_001.fastq.gz
Trimming mode: paired-end
Trim Galore version: 0.6.6
Cutadapt version: 4.1
Python version: 3.9.12
Number of cores used for trimming: 8
Quality Phred score cutoff: 20
Quality encoding type selected: ASCII+33
Adapter sequence: 'AGATCGGAAGAGC' (Illumina TruSeq, Sanger iPCR; user defined)
Maximum trimming error rate: 0.1 (default)
Minimum required adapter overlap (stringency): 3 bp
Minimum required sequence length for both reads before a sequence pair gets removed: 20 bp
Output file will be GZIP compressed


This is cutadapt 4.1 with Python 3.9.12
Command line parameters: -j 8 -e 0.1 -q 20 -O 3 -a AGATCGGAAGAGC raw/17_R2_001.fastq.gz
Processing single-end reads on 8 cores ...
Finished in 543.54 s (11 µs/read; 5.39 M reads/minute).

=== Summary ===

Total reads processed:              48,802,015
Reads with adapters:                 6,719,054 (13.8%)
Reads written (passing filters):    48,802,015 (100.0%)

Total basepairs processed: 7,320,302,250 bp
Quality-trimmed:              28,618,445 bp (0.4%)
Total written (filtered):  7,163,033,046 bp (97.9%)

=== Adapter 1 ===

Sequence: AGATCGGAAGAGC; Type: regular 3'; Length: 13; Trimmed: 6719054 times

Minimum overlap: 3
No. of allowed errors:
1-9 bp: 0; 10-13 bp: 1

Bases preceding removed adapters:
  A: 22.6%
  C: 30.4%
  G: 28.9%
  T: 18.1%
  none/other: 0.1%

Overview of removed sequences
length	count	expect	max.err	error counts
3	1148835	762531.5	0	1148835
4	400536	190632.9	0	400536
5	223020	47658.2	0	223020
6	179247	11914.6	0	179247
7	162351	2978.6	0	162351
8	151879	744.7	0	151879
9	144799	186.2	0	142950 1849
10	141389	46.5	1	135463 5926
11	142798	11.6	1	137003 5795
12	155057	2.9	1	148938 6119
13	146179	0.7	1	141689 4490
14	162656	0.7	1	155639 7017
15	163934	0.7	1	157259 6675
16	152325	0.7	1	146257 6068
17	148562	0.7	1	141918 6644
18	133365	0.7	1	127631 5734
19	273391	0.7	1	262509 10882
20	60938	0.7	1	57850 3088
21	40519	0.7	1	38775 1744
22	101637	0.7	1	97772 3865
23	121962	0.7	1	117334 4628
24	220847	0.7	1	211413 9434
25	68920	0.7	1	65625 3295
26	123879	0.7	1	119476 4403
27	215123	0.7	1	207291 7832
28	60687	0.7	1	58129 2558
29	117636	0.7	1	113838 3798
30	84786	0.7	1	81947 2839
31	35571	0.7	1	34221 1350
32	88948	0.7	1	85759 3189
33	70061	0.7	1	67837 2224
34	171554	0.7	1	166359 5195
35	96868	0.7	1	93981 2887
36	40381	0.7	1	38676 1705
37	104090	0.7	1	101108 2982
38	45515	0.7	1	43822 1693
39	95239	0.7	1	92916 2323
40	22856	0.7	1	21859 997
41	40251	0.7	1	38989 1262
42	84413	0.7	1	82284 2129
43	38760	0.7	1	37666 1094
44	44253	0.7	1	42788 1465
45	109221	0.7	1	106864 2357
46	15801	0.7	1	15129 672
47	31125	0.7	1	30145 980
48	52053	0.7	1	50852 1201
49	14453	0.7	1	13958 495
50	25136	0.7	1	24347 789
51	21823	0.7	1	21188 635
52	28970	0.7	1	28146 824
53	3314	0.7	1	3064 250
54	17843	0.7	1	17331 512
55	23818	0.7	1	23148 670
56	10294	0.7	1	9879 415
57	23927	0.7	1	23220 707
58	21527	0.7	1	20973 554
59	5605	0.7	1	5351 254
60	4793	0.7	1	4603 190
61	4027	0.7	1	3821 206
62	10228	0.7	1	9890 338
63	1924	0.7	1	1776 148
64	6067	0.7	1	5792 275
65	2273	0.7	1	2093 180
66	3940	0.7	1	3709 231
67	5983	0.7	1	5744 239
68	2473	0.7	1	2291 182
69	1432	0.7	1	1270 162
70	4471	0.7	1	4256 215
71	910	0.7	1	802 108
72	1983	0.7	1	1846 137
73	3022	0.7	1	2866 156
74	2827	0.7	1	2679 148
75	1786	0.7	1	1671 115
76	598	0.7	1	506 92
77	1011	0.7	1	925 86
78	1430	0.7	1	1352 78
79	1483	0.7	1	1385 98
80	1410	0.7	1	1302 108
81	1238	0.7	1	1135 103
82	1088	0.7	1	1007 81
83	997	0.7	1	908 89
84	958	0.7	1	876 82
85	933	0.7	1	840 93
86	939	0.7	1	875 64
87	912	0.7	1	833 79
88	954	0.7	1	863 91
89	873	0.7	1	772 101
90	741	0.7	1	639 102
91	642	0.7	1	579 63
92	583	0.7	1	507 76
93	534	0.7	1	465 69
94	500	0.7	1	420 80
95	471	0.7	1	376 95
96	459	0.7	1	386 73
97	420	0.7	1	364 56
98	424	0.7	1	368 56
99	419	0.7	1	357 62
100	428	0.7	1	342 86
101	334	0.7	1	282 52
102	296	0.7	1	246 50
103	297	0.7	1	233 64
104	258	0.7	1	206 52
105	251	0.7	1	206 45
106	246	0.7	1	192 54
107	268	0.7	1	214 54
108	282	0.7	1	221 61
109	263	0.7	1	192 71
110	270	0.7	1	199 71
111	247	0.7	1	185 62
112	189	0.7	1	153 36
113	214	0.7	1	149 65
114	173	0.7	1	110 63
115	161	0.7	1	124 37
116	161	0.7	1	110 51
117	171	0.7	1	109 62
118	160	0.7	1	122 38
119	139	0.7	1	92 47
120	148	0.7	1	108 40
121	108	0.7	1	69 39
122	111	0.7	1	84 27
123	150	0.7	1	84 66
124	95	0.7	1	56 39
125	84	0.7	1	58 26
126	113	0.7	1	63 50
127	92	0.7	1	61 31
128	88	0.7	1	62 26
129	74	0.7	1	50 24
130	77	0.7	1	56 21
131	82	0.7	1	44 38
132	85	0.7	1	64 21
133	70	0.7	1	45 25
134	285	0.7	1	246 39
135	96	0.7	1	66 30
136	60	0.7	1	28 32
137	118	0.7	1	73 45
138	153	0.7	1	129 24
139	79	0.7	1	59 20
140	67	0.7	1	45 22
141	295	0.7	1	273 22
142	76	0.7	1	58 18
143	66	0.7	1	42 24
144	52	0.7	1	40 12
145	59	0.7	1	30 29
146	47	0.7	1	24 23
147	128	0.7	1	50 78
148	78	0.7	1	52 26
149	106	0.7	1	51 55
150	2021	0.7	1	1657 364

RUN STATISTICS FOR INPUT FILE: raw/17_R2_001.fastq.gz
=============================================
48802015 sequences processed in total

Total number of sequences analysed for the sequence pair length validation: 48802015

Number of sequence pairs removed because at least one read was shorter than the length cutoff (20 bp): 127687 (0.26%)
