
SUMMARISING RUN PARAMETERS
==========================
Input filename: raw/18_R2_001.fastq.gz
Trimming mode: paired-end
Trim Galore version: 0.6.6
Cutadapt version: 4.1
Python version: 3.9.12
Number of cores used for trimming: 8
Quality Phred score cutoff: 20
Quality encoding type selected: ASCII+33
Adapter sequence: 'AGATCGGAAGAGC' (Illumina TruSeq, Sanger iPCR; user defined)
Maximum trimming error rate: 0.1 (default)
Minimum required adapter overlap (stringency): 3 bp
Minimum required sequence length for both reads before a sequence pair gets removed: 20 bp
Output file will be GZIP compressed


This is cutadapt 4.1 with Python 3.9.12
Command line parameters: -j 8 -e 0.1 -q 20 -O 3 -a AGATCGGAAGAGC raw/18_R2_001.fastq.gz
Processing single-end reads on 8 cores ...
Finished in 493.06 s (11 µs/read; 5.39 M reads/minute).

=== Summary ===

Total reads processed:              44,295,110
Reads with adapters:                 2,725,093 (6.2%)
Reads written (passing filters):    44,295,110 (100.0%)

Total basepairs processed: 6,644,266,500 bp
Quality-trimmed:              19,122,068 bp (0.3%)
Total written (filtered):  6,589,704,921 bp (99.2%)

=== Adapter 1 ===

Sequence: AGATCGGAAGAGC; Type: regular 3'; Length: 13; Trimmed: 2725093 times

Minimum overlap: 3
No. of allowed errors:
1-9 bp: 0; 10-13 bp: 1

Bases preceding removed adapters:
  A: 25.5%
  C: 25.3%
  G: 29.7%
  T: 19.4%
  none/other: 0.0%

Overview of removed sequences
length	count	expect	max.err	error counts
3	989077	692111.1	0	989077
4	285737	173027.8	0	285737
5	108885	43256.9	0	108885
6	69131	10814.2	0	69131
7	58922	2703.6	0	58922
8	53264	675.9	0	53264
9	49611	169.0	0	48461 1150
10	48159	42.2	1	45563 2596
11	46405	10.6	1	44280 2125
12	48932	2.6	1	47101 1831
13	45722	0.7	1	44405 1317
14	49673	0.7	1	47601 2072
15	49485	0.7	1	47502 1983
16	44984	0.7	1	43250 1734
17	43087	0.7	1	41180 1907
18	38373	0.7	1	36771 1602
19	75125	0.7	1	72268 2857
20	15665	0.7	1	14603 1062
21	10900	0.7	1	10373 527
22	26434	0.7	1	25355 1079
23	31502	0.7	1	30326 1176
24	58431	0.7	1	56087 2344
25	17006	0.7	1	16073 933
26	29938	0.7	1	28870 1068
27	50897	0.7	1	49209 1688
28	17803	0.7	1	17084 719
29	24216	0.7	1	23447 769
30	24736	0.7	1	24014 722
31	4489	0.7	1	4194 295
32	34139	0.7	1	33159 980
33	11460	0.7	1	11098 362
34	23303	0.7	1	22636 667
35	17389	0.7	1	16908 481
36	18256	0.7	1	17780 476
37	4974	0.7	1	4753 221
38	13246	0.7	1	12792 454
39	20833	0.7	1	20313 520
40	6508	0.7	1	6280 228
41	8361	0.7	1	8067 294
42	19903	0.7	1	19420 483
43	7172	0.7	1	6926 246
44	9358	0.7	1	9051 307
45	20901	0.7	1	20492 409
46	2527	0.7	1	2370 157
47	6455	0.7	1	6215 240
48	10381	0.7	1	10120 261
49	3172	0.7	1	2994 178
50	5353	0.7	1	5160 193
51	3928	0.7	1	3757 171
52	5489	0.7	1	5309 180
53	562	0.7	1	453 109
54	3780	0.7	1	3636 144
55	5138	0.7	1	4962 176
56	2197	0.7	1	2100 97
57	5247	0.7	1	5037 210
58	4475	0.7	1	4315 160
59	1210	0.7	1	1123 87
60	1112	0.7	1	1018 94
61	1100	0.7	1	998 102
62	2740	0.7	1	2609 131
63	472	0.7	1	393 79
64	1558	0.7	1	1465 93
65	684	0.7	1	581 103
66	998	0.7	1	908 90
67	1657	0.7	1	1540 117
68	721	0.7	1	573 148
69	445	0.7	1	341 104
70	1229	0.7	1	1081 148
71	339	0.7	1	248 91
72	706	0.7	1	579 127
73	891	0.7	1	793 98
74	928	0.7	1	860 68
75	723	0.7	1	647 76
76	306	0.7	1	219 87
77	315	0.7	1	262 53
78	497	0.7	1	429 68
79	570	0.7	1	489 81
80	572	0.7	1	444 128
81	544	0.7	1	398 146
82	621	0.7	1	375 246
83	453	0.7	1	370 83
84	428	0.7	1	334 94
85	417	0.7	1	356 61
86	407	0.7	1	360 47
87	416	0.7	1	356 60
88	405	0.7	1	332 73
89	436	0.7	1	347 89
90	361	0.7	1	292 69
91	299	0.7	1	233 66
92	301	0.7	1	226 75
93	270	0.7	1	223 47
94	289	0.7	1	197 92
95	267	0.7	1	197 70
96	230	0.7	1	190 40
97	241	0.7	1	214 27
98	253	0.7	1	195 58
99	242	0.7	1	191 51
100	224	0.7	1	148 76
101	224	0.7	1	173 51
102	193	0.7	1	154 39
103	213	0.7	1	158 55
104	194	0.7	1	148 46
105	158	0.7	1	118 40
106	176	0.7	1	118 58
107	272	0.7	1	127 145
108	224	0.7	1	148 76
109	220	0.7	1	118 102
110	168	0.7	1	110 58
111	205	0.7	1	116 89
112	148	0.7	1	112 36
113	175	0.7	1	89 86
114	125	0.7	1	92 33
115	134	0.7	1	90 44
116	190	0.7	1	96 94
117	148	0.7	1	73 75
118	131	0.7	1	84 47
119	160	0.7	1	66 94
120	185	0.7	1	69 116
121	96	0.7	1	56 40
122	164	0.7	1	72 92
123	107	0.7	1	62 45
124	99	0.7	1	40 59
125	82	0.7	1	56 26
126	137	0.7	1	48 89
127	112	0.7	1	42 70
128	121	0.7	1	51 70
129	105	0.7	1	45 60
130	140	0.7	1	51 89
131	69	0.7	1	25 44
132	74	0.7	1	34 40
133	79	0.7	1	36 43
134	195	0.7	1	154 41
135	87	0.7	1	35 52
136	89	0.7	1	29 60
137	69	0.7	1	26 43
138	121	0.7	1	88 33
139	40	0.7	1	28 12
140	43	0.7	1	25 18
141	148	0.7	1	124 24
142	68	0.7	1	45 23
143	33	0.7	1	15 18
144	46	0.7	1	18 28
145	59	0.7	1	26 33
146	55	0.7	1	19 36
147	161	0.7	1	17 144
148	60	0.7	1	23 37
149	47	0.7	1	15 32
150	771	0.7	1	574 197

RUN STATISTICS FOR INPUT FILE: raw/18_R2_001.fastq.gz
=============================================
44295110 sequences processed in total

Total number of sequences analysed for the sequence pair length validation: 44295110

Number of sequence pairs removed because at least one read was shorter than the length cutoff (20 bp): 84865 (0.19%)
