
SUMMARISING RUN PARAMETERS
==========================
Input filename: raw/1_R1_001.fastq.gz
Trimming mode: paired-end
Trim Galore version: 0.6.6
Cutadapt version: 4.1
Python version: 3.9.12
Number of cores used for trimming: 8
Quality Phred score cutoff: 20
Quality encoding type selected: ASCII+33
Adapter sequence: 'AGATCGGAAGAGC' (Illumina TruSeq, Sanger iPCR; user defined)
Maximum trimming error rate: 0.1 (default)
Minimum required adapter overlap (stringency): 3 bp
Minimum required sequence length for both reads before a sequence pair gets removed: 20 bp
Output file will be GZIP compressed


This is cutadapt 4.1 with Python 3.9.12
Command line parameters: -j 8 -e 0.1 -q 20 -O 3 -a AGATCGGAAGAGC raw/1_R1_001.fastq.gz
Processing single-end reads on 8 cores ...
Finished in 588.91 s (11 µs/read; 5.42 M reads/minute).

=== Summary ===

Total reads processed:              53,196,531
Reads with adapters:                 5,039,833 (9.5%)
Reads written (passing filters):    53,196,531 (100.0%)

Total basepairs processed: 7,979,479,650 bp
Quality-trimmed:              15,833,343 bp (0.2%)
Total written (filtered):  7,864,279,527 bp (98.6%)

=== Adapter 1 ===

Sequence: AGATCGGAAGAGC; Type: regular 3'; Length: 13; Trimmed: 5039833 times

Minimum overlap: 3
No. of allowed errors:
1-9 bp: 0; 10-13 bp: 1

Bases preceding removed adapters:
  A: 23.6%
  C: 29.6%
  G: 27.8%
  T: 16.8%
  none/other: 2.2%

Overview of removed sequences
length	count	expect	max.err	error counts
3	1247994	831195.8	0	1247994
4	385212	207798.9	0	385212
5	177098	51949.7	0	177098
6	125004	12987.4	0	125004
7	110852	3246.9	0	110852
8	102024	811.7	0	102024
9	99742	202.9	0	96717 3025
10	94648	50.7	1	90022 4626
11	96250	12.7	1	91938 4312
12	98475	3.2	1	94470 4005
13	104581	0.8	1	99825 4756
14	107325	0.8	1	102552 4773
15	108379	0.8	1	103540 4839
16	104548	0.8	1	99753 4795
17	95449	0.8	1	91297 4152
18	85383	0.8	1	82001 3382
19	80335	0.8	1	76853 3482
20	72470	0.8	1	69074 3396
21	73981	0.8	1	70701 3280
22	74723	0.8	1	71680 3043
23	77736	0.8	1	74460 3276
24	81675	0.8	1	78191 3484
25	82704	0.8	1	79127 3577
26	79172	0.8	1	75933 3239
27	73492	0.8	1	70241 3251
28	67197	0.8	1	63912 3285
29	58094	0.8	1	55634 2460
30	51628	0.8	1	49517 2111
31	49863	0.8	1	47644 2219
32	51618	0.8	1	49121 2497
33	50540	0.8	1	48304 2236
34	56213	0.8	1	53398 2815
35	54467	0.8	1	52215 2252
36	53548	0.8	1	51124 2424
37	48302	0.8	1	46456 1846
38	43516	0.8	1	41627 1889
39	37626	0.8	1	36075 1551
40	31202	0.8	1	29831 1371
41	29550	0.8	1	28303 1247
42	28907	0.8	1	27609 1298
43	29565	0.8	1	28085 1480
44	48035	0.8	1	46709 1326
45	17181	0.8	1	16482 699
46	19421	0.8	1	18658 763
47	25700	0.8	1	24733 967
48	22435	0.8	1	21524 911
49	18722	0.8	1	17908 814
50	15693	0.8	1	14929 764
51	13260	0.8	1	12642 618
52	12474	0.8	1	11904 570
53	12598	0.8	1	12036 562
54	12455	0.8	1	11961 494
55	12390	0.8	1	11822 568
56	12493	0.8	1	11964 529
57	11245	0.8	1	10749 496
58	9903	0.8	1	9456 447
59	7864	0.8	1	7522 342
60	6324	0.8	1	6029 295
61	5080	0.8	1	4839 241
62	4567	0.8	1	4357 210
63	4529	0.8	1	4331 198
64	4449	0.8	1	4216 233
65	3799	0.8	1	3586 213
66	3763	0.8	1	3555 208
67	3681	0.8	1	3477 204
68	3231	0.8	1	3031 200
69	2699	0.8	1	2526 173
70	2103	0.8	1	1932 171
71	1868	0.8	1	1710 158
72	1562	0.8	1	1394 168
73	1457	0.8	1	1298 159
74	1394	0.8	1	1257 137
75	1394	0.8	1	1281 113
76	1465	0.8	1	1335 130
77	1347	0.8	1	1215 132
78	1300	0.8	1	1161 139
79	1162	0.8	1	1030 132
80	888	0.8	1	790 98
81	930	0.8	1	762 168
82	790	0.8	1	613 177
83	680	0.8	1	566 114
84	599	0.8	1	498 101
85	593	0.8	1	484 109
86	619	0.8	1	544 75
87	573	0.8	1	491 82
88	563	0.8	1	489 74
89	570	0.8	1	469 101
90	517	0.8	1	405 112
91	429	0.8	1	361 68
92	364	0.8	1	309 55
93	371	0.8	1	315 56
94	363	0.8	1	282 81
95	321	0.8	1	250 71
96	325	0.8	1	219 106
97	354	0.8	1	287 67
98	376	0.8	1	282 94
99	331	0.8	1	252 79
100	352	0.8	1	224 128
101	301	0.8	1	245 56
102	269	0.8	1	202 67
103	228	0.8	1	170 58
104	240	0.8	1	182 58
105	209	0.8	1	156 53
106	241	0.8	1	167 74
107	225	0.8	1	151 74
108	284	0.8	1	183 101
109	283	0.8	1	172 111
110	218	0.8	1	136 82
111	187	0.8	1	118 69
112	237	0.8	1	164 73
113	201	0.8	1	124 77
114	190	0.8	1	127 63
115	148	0.8	1	92 56
116	176	0.8	1	108 68
117	223	0.8	1	136 87
118	211	0.8	1	146 65
119	194	0.8	1	140 54
120	163	0.8	1	90 73
121	275	0.8	1	164 111
122	145	0.8	1	106 39
123	140	0.8	1	77 63
124	101	0.8	1	56 45
125	86	0.8	1	56 30
126	129	0.8	1	61 68
127	135	0.8	1	76 59
128	113	0.8	1	60 53
129	94	0.8	1	45 49
130	132	0.8	1	72 60
131	94	0.8	1	53 41
132	95	0.8	1	57 38
133	97	0.8	1	45 52
134	311	0.8	1	275 36
135	91	0.8	1	61 30
136	92	0.8	1	41 51
137	125	0.8	1	74 51
138	115	0.8	1	75 40
139	80	0.8	1	62 18
140	72	0.8	1	48 24
141	353	0.8	1	321 32
142	119	0.8	1	81 38
143	90	0.8	1	45 45
144	84	0.8	1	43 41
145	83	0.8	1	33 50
146	62	0.8	1	29 33
147	171	0.8	1	52 119
148	133	0.8	1	32 101
149	1773	0.8	1	35 1738
150	108976	0.8	1	2032 106944

RUN STATISTICS FOR INPUT FILE: raw/1_R1_001.fastq.gz
=============================================
53196531 sequences processed in total

