
SUMMARISING RUN PARAMETERS
==========================
Input filename: raw/1_R2_001.fastq.gz
Trimming mode: paired-end
Trim Galore version: 0.6.6
Cutadapt version: 4.1
Python version: 3.9.12
Number of cores used for trimming: 8
Quality Phred score cutoff: 20
Quality encoding type selected: ASCII+33
Adapter sequence: 'AGATCGGAAGAGC' (Illumina TruSeq, Sanger iPCR; user defined)
Maximum trimming error rate: 0.1 (default)
Minimum required adapter overlap (stringency): 3 bp
Minimum required sequence length for both reads before a sequence pair gets removed: 20 bp
Output file will be GZIP compressed


This is cutadapt 4.1 with Python 3.9.12
Command line parameters: -j 8 -e 0.1 -q 20 -O 3 -a AGATCGGAAGAGC raw/1_R2_001.fastq.gz
Processing single-end reads on 8 cores ...
Finished in 595.59 s (11 µs/read; 5.36 M reads/minute).

=== Summary ===

Total reads processed:              53,196,531
Reads with adapters:                 4,887,950 (9.2%)
Reads written (passing filters):    53,196,531 (100.0%)

Total basepairs processed: 7,979,479,650 bp
Quality-trimmed:              34,213,504 bp (0.4%)
Total written (filtered):  7,866,510,578 bp (98.6%)

=== Adapter 1 ===

Sequence: AGATCGGAAGAGC; Type: regular 3'; Length: 13; Trimmed: 4887950 times

Minimum overlap: 3
No. of allowed errors:
1-9 bp: 0; 10-13 bp: 1

Bases preceding removed adapters:
  A: 23.8%
  C: 30.4%
  G: 28.4%
  T: 17.3%
  none/other: 0.1%

Overview of removed sequences
length	count	expect	max.err	error counts
3	1212174	831195.8	0	1212174
4	380337	207798.9	0	380337
5	175957	51949.7	0	175957
6	125148	12987.4	0	125148
7	110872	3246.9	0	110872
8	102707	811.7	0	102707
9	99406	202.9	0	96845 2561
10	96441	50.7	1	91703 4738
11	96510	12.7	1	92159 4351
12	105599	3.2	1	101128 4471
13	98990	0.8	1	95673 3317
14	109252	0.8	1	104233 5019
15	109890	0.8	1	105280 4610
16	100686	0.8	1	96334 4352
17	96687	0.8	1	92127 4560
18	89113	0.8	1	84946 4167
19	147128	0.8	1	139579 7549
20	74116	0.8	1	71019 3097
21	28716	0.8	1	27374 1342
22	60862	0.8	1	58330 2532
23	77752	0.8	1	74471 3281
24	146995	0.8	1	140456 6539
25	44609	0.8	1	42246 2363
26	80077	0.8	1	76964 3113
27	144828	0.8	1	139646 5182
28	47024	0.8	1	45013 2011
29	75218	0.8	1	72704 2514
30	69433	0.8	1	67226 2207
31	13401	0.8	1	12593 808
32	108541	0.8	1	105488 3053
33	58222	0.8	1	56588 1634
34	25854	0.8	1	24813 1041
35	53313	0.8	1	51759 1554
36	29430	0.8	1	28354 1076
37	38555	0.8	1	37254 1301
38	121451	0.8	1	118699 2752
39	15922	0.8	1	15204 718
40	69142	0.8	1	67555 1587
41	2922	0.8	1	2589 333
42	18704	0.8	1	18100 604
43	34209	0.8	1	33301 908
44	8045	0.8	1	7611 434
45	43794	0.8	1	42607 1187
46	3266	0.8	1	3013 253
47	10385	0.8	1	9944 441
48	13948	0.8	1	13419 529
49	2916	0.8	1	2601 315
50	8619	0.8	1	8225 394
51	7479	0.8	1	7127 352
52	8286	0.8	1	7903 383
53	965	0.8	1	806 159
54	6724	0.8	1	6457 267
55	7985	0.8	1	7690 295
56	3270	0.8	1	3085 185
57	9432	0.8	1	9070 362
58	5465	0.8	1	5218 247
59	2051	0.8	1	1878 173
60	1094	0.8	1	956 138
61	1564	0.8	1	1435 129
62	4585	0.8	1	4405 180
63	624	0.8	1	505 119
64	2273	0.8	1	2129 144
65	886	0.8	1	741 145
66	1648	0.8	1	1467 181
67	2428	0.8	1	2251 177
68	1410	0.8	1	1268 142
69	871	0.8	1	705 166
70	1905	0.8	1	1732 173
71	749	0.8	1	606 143
72	959	0.8	1	806 153
73	1379	0.8	1	1204 175
74	1506	0.8	1	1381 125
75	1347	0.8	1	1233 114
76	519	0.8	1	431 88
77	471	0.8	1	370 101
78	739	0.8	1	633 106
79	788	0.8	1	689 99
80	734	0.8	1	616 118
81	850	0.8	1	660 190
82	687	0.8	1	536 151
83	670	0.8	1	534 136
84	565	0.8	1	467 98
85	532	0.8	1	454 78
86	585	0.8	1	532 53
87	583	0.8	1	503 80
88	560	0.8	1	486 74
89	555	0.8	1	467 88
90	529	0.8	1	412 117
91	452	0.8	1	361 91
92	423	0.8	1	337 86
93	388	0.8	1	329 59
94	406	0.8	1	307 99
95	357	0.8	1	271 86
96	341	0.8	1	246 95
97	387	0.8	1	307 80
98	391	0.8	1	291 100
99	342	0.8	1	273 69
100	345	0.8	1	234 111
101	348	0.8	1	273 75
102	288	0.8	1	237 51
103	244	0.8	1	186 58
104	265	0.8	1	193 72
105	226	0.8	1	178 48
106	236	0.8	1	171 65
107	260	0.8	1	169 91
108	304	0.8	1	202 102
109	264	0.8	1	181 83
110	261	0.8	1	165 96
111	217	0.8	1	144 73
112	230	0.8	1	170 60
113	215	0.8	1	142 73
114	218	0.8	1	155 63
115	166	0.8	1	112 54
116	185	0.8	1	124 61
117	208	0.8	1	116 92
118	164	0.8	1	109 55
119	174	0.8	1	110 64
120	179	0.8	1	93 86
121	212	0.8	1	126 86
122	155	0.8	1	91 64
123	152	0.8	1	90 62
124	103	0.8	1	66 37
125	85	0.8	1	58 27
126	135	0.8	1	72 63
127	134	0.8	1	74 60
128	130	0.8	1	69 61
129	100	0.8	1	48 52
130	141	0.8	1	78 63
131	102	0.8	1	49 53
132	109	0.8	1	56 53
133	99	0.8	1	52 47
134	304	0.8	1	267 37
135	97	0.8	1	70 27
136	77	0.8	1	39 38
137	123	0.8	1	76 47
138	121	0.8	1	89 32
139	86	0.8	1	64 22
140	76	0.8	1	52 24
141	340	0.8	1	320 20
142	106	0.8	1	84 22
143	86	0.8	1	48 38
144	59	0.8	1	43 16
145	60	0.8	1	33 27
146	51	0.8	1	27 24
147	157	0.8	1	53 104
148	93	0.8	1	29 64
149	116	0.8	1	51 65
150	2439	0.8	1	2022 417

RUN STATISTICS FOR INPUT FILE: raw/1_R2_001.fastq.gz
=============================================
53196531 sequences processed in total

Total number of sequences analysed for the sequence pair length validation: 53196531

Number of sequence pairs removed because at least one read was shorter than the length cutoff (20 bp): 126817 (0.24%)
