
SUMMARISING RUN PARAMETERS
==========================
Input filename: raw/20_R2_001.fastq.gz
Trimming mode: paired-end
Trim Galore version: 0.6.6
Cutadapt version: 4.1
Python version: 3.9.12
Number of cores used for trimming: 8
Quality Phred score cutoff: 20
Quality encoding type selected: ASCII+33
Adapter sequence: 'AGATCGGAAGAGC' (Illumina TruSeq, Sanger iPCR; user defined)
Maximum trimming error rate: 0.1 (default)
Minimum required adapter overlap (stringency): 3 bp
Minimum required sequence length for both reads before a sequence pair gets removed: 20 bp
Output file will be GZIP compressed


This is cutadapt 4.1 with Python 3.9.12
Command line parameters: -j 8 -e 0.1 -q 20 -O 3 -a AGATCGGAAGAGC raw/20_R2_001.fastq.gz
Processing single-end reads on 8 cores ...
Finished in 470.81 s (11 µs/read; 5.36 M reads/minute).

=== Summary ===

Total reads processed:              42,086,434
Reads with adapters:                 4,613,289 (11.0%)
Reads written (passing filters):    42,086,434 (100.0%)

Total basepairs processed: 6,312,965,100 bp
Quality-trimmed:              27,261,066 bp (0.4%)
Total written (filtered):  6,200,710,152 bp (98.2%)

=== Adapter 1 ===

Sequence: AGATCGGAAGAGC; Type: regular 3'; Length: 13; Trimmed: 4613289 times

Minimum overlap: 3
No. of allowed errors:
1-9 bp: 0; 10-13 bp: 1

Bases preceding removed adapters:
  A: 23.1%
  C: 29.2%
  G: 29.0%
  T: 18.7%
  none/other: 0.1%

Overview of removed sequences
length	count	expect	max.err	error counts
3	941311	657600.5	0	941311
4	306256	164400.1	0	306256
5	151707	41100.0	0	151707
6	114340	10275.0	0	114340
7	103040	2568.8	0	103040
8	94705	642.2	0	94705
9	91005	160.5	0	89985 1020
10	89548	40.1	1	85698 3850
11	91883	10.0	1	87860 4023
12	99324	2.5	1	95129 4195
13	94904	0.6	1	91775 3129
14	104540	0.6	1	99819 4721
15	105233	0.6	1	100745 4488
16	95443	0.6	1	91468 3975
17	94558	0.6	1	90162 4396
18	84874	0.6	1	81175 3699
19	170537	0.6	1	163231 7306
20	42869	0.6	1	40611 2258
21	27400	0.6	1	26113 1287
22	65138	0.6	1	62450 2688
23	79961	0.6	1	76785 3176
24	139410	0.6	1	133319 6091
25	47542	0.6	1	45289 2253
26	82104	0.6	1	79011 3093
27	155342	0.6	1	149800 5542
28	45388	0.6	1	43557 1831
29	72724	0.6	1	70251 2473
30	68288	0.6	1	66187 2101
31	15364	0.6	1	14565 799
32	89467	0.6	1	86797 2670
33	59363	0.6	1	57719 1644
34	29788	0.6	1	28679 1109
35	48693	0.6	1	47133 1560
36	101052	0.6	1	98239 2813
37	82499	0.6	1	80404 2095
38	23259	0.6	1	22312 947
39	30902	0.6	1	29935 967
40	84158	0.6	1	82255 1903
41	14910	0.6	1	14261 649
42	14708	0.6	1	14168 540
43	39120	0.6	1	38109 1011
44	15330	0.6	1	14775 555
45	66317	0.6	1	64788 1529
46	7480	0.6	1	7072 408
47	16657	0.6	1	16074 583
48	29867	0.6	1	29172 695
49	7738	0.6	1	7388 350
50	15420	0.6	1	14937 483
51	13499	0.6	1	13074 425
52	17639	0.6	1	17098 541
53	1842	0.6	1	1658 184
54	11834	0.6	1	11486 348
55	15203	0.6	1	14748 455
56	6862	0.6	1	6591 271
57	15480	0.6	1	15015 465
58	11415	0.6	1	11036 379
59	3125	0.6	1	2900 225
60	3122	0.6	1	2955 167
61	2609	0.6	1	2442 167
62	6630	0.6	1	6322 308
63	1425	0.6	1	1281 144
64	4144	0.6	1	3959 185
65	1725	0.6	1	1573 152
66	2778	0.6	1	2615 163
67	4126	0.6	1	3919 207
68	1718	0.6	1	1588 130
69	1038	0.6	1	942 96
70	3044	0.6	1	2890 154
71	711	0.6	1	604 107
72	1524	0.6	1	1400 124
73	2198	0.6	1	2053 145
74	2042	0.6	1	1916 126
75	1199	0.6	1	1097 102
76	518	0.6	1	400 118
77	709	0.6	1	627 82
78	1004	0.6	1	927 77
79	1091	0.6	1	962 129
80	1036	0.6	1	915 121
81	947	0.6	1	833 114
82	811	0.6	1	693 118
83	768	0.6	1	688 80
84	703	0.6	1	625 78
85	674	0.6	1	580 94
86	717	0.6	1	637 80
87	640	0.6	1	568 72
88	669	0.6	1	585 84
89	634	0.6	1	550 84
90	594	0.6	1	485 109
91	500	0.6	1	419 81
92	453	0.6	1	369 84
93	377	0.6	1	324 53
94	384	0.6	1	305 79
95	346	0.6	1	258 88
96	330	0.6	1	271 59
97	346	0.6	1	283 63
98	338	0.6	1	262 76
99	335	0.6	1	297 38
100	348	0.6	1	259 89
101	332	0.6	1	249 83
102	244	0.6	1	208 36
103	249	0.6	1	192 57
104	220	0.6	1	171 49
105	196	0.6	1	152 44
106	196	0.6	1	155 41
107	211	0.6	1	162 49
108	202	0.6	1	161 41
109	227	0.6	1	175 52
110	197	0.6	1	151 46
111	184	0.6	1	128 56
112	141	0.6	1	112 29
113	173	0.6	1	116 57
114	178	0.6	1	129 49
115	160	0.6	1	103 57
116	145	0.6	1	99 46
117	130	0.6	1	85 45
118	153	0.6	1	108 45
119	128	0.6	1	77 51
120	123	0.6	1	84 39
121	124	0.6	1	77 47
122	138	0.6	1	78 60
123	110	0.6	1	61 49
124	131	0.6	1	58 73
125	90	0.6	1	61 29
126	121	0.6	1	57 64
127	107	0.6	1	59 48
128	79	0.6	1	41 38
129	62	0.6	1	39 23
130	68	0.6	1	46 22
131	69	0.6	1	33 36
132	81	0.6	1	59 22
133	76	0.6	1	31 45
134	302	0.6	1	272 30
135	111	0.6	1	73 38
136	68	0.6	1	38 30
137	145	0.6	1	93 52
138	116	0.6	1	103 13
139	84	0.6	1	62 22
140	67	0.6	1	40 27
141	330	0.6	1	307 23
142	103	0.6	1	65 38
143	66	0.6	1	45 21
144	54	0.6	1	31 23
145	53	0.6	1	31 22
146	49	0.6	1	27 22
147	180	0.6	1	36 144
148	78	0.6	1	34 44
149	98	0.6	1	45 53
150	2670	0.6	1	2229 441

RUN STATISTICS FOR INPUT FILE: raw/20_R2_001.fastq.gz
=============================================
42086434 sequences processed in total

Total number of sequences analysed for the sequence pair length validation: 42086434

Number of sequence pairs removed because at least one read was shorter than the length cutoff (20 bp): 152484 (0.36%)
