
SUMMARISING RUN PARAMETERS
==========================
Input filename: raw/25_R2_001.fastq.gz
Trimming mode: paired-end
Trim Galore version: 0.6.6
Cutadapt version: 4.1
Python version: 3.9.12
Number of cores used for trimming: 8
Quality Phred score cutoff: 20
Quality encoding type selected: ASCII+33
Adapter sequence: 'AGATCGGAAGAGC' (Illumina TruSeq, Sanger iPCR; user defined)
Maximum trimming error rate: 0.1 (default)
Minimum required adapter overlap (stringency): 3 bp
Minimum required sequence length for both reads before a sequence pair gets removed: 20 bp
Output file will be GZIP compressed


This is cutadapt 4.1 with Python 3.9.12
Command line parameters: -j 8 -e 0.1 -q 20 -O 3 -a AGATCGGAAGAGC raw/25_R2_001.fastq.gz
Processing single-end reads on 8 cores ...
Finished in 489.10 s (11 µs/read; 5.40 M reads/minute).

=== Summary ===

Total reads processed:              44,048,292
Reads with adapters:                 4,623,222 (10.5%)
Reads written (passing filters):    44,048,292 (100.0%)

Total basepairs processed: 6,607,243,800 bp
Quality-trimmed:              25,752,518 bp (0.4%)
Total written (filtered):  6,500,320,194 bp (98.4%)

=== Adapter 1 ===

Sequence: AGATCGGAAGAGC; Type: regular 3'; Length: 13; Trimmed: 4623222 times

Minimum overlap: 3
No. of allowed errors:
1-9 bp: 0; 10-13 bp: 1

Bases preceding removed adapters:
  A: 23.6%
  C: 29.2%
  G: 29.3%
  T: 17.9%
  none/other: 0.0%

Overview of removed sequences
length	count	expect	max.err	error counts
3	986690	688254.6	0	986690
4	325154	172063.6	0	325154
5	159112	43015.9	0	159112
6	115701	10754.0	0	115701
7	102813	2688.5	0	102813
8	94615	672.1	0	94615
9	89709	168.0	0	88787 922
10	89275	42.0	1	85332 3943
11	90587	10.5	1	86718 3869
12	102033	2.6	1	97721 4312
13	94708	0.7	1	91493 3215
14	107325	0.7	1	102427 4898
15	107711	0.7	1	102920 4791
16	95512	0.7	1	91321 4191
17	94192	0.7	1	89610 4582
18	82984	0.7	1	79134 3850
19	174549	0.7	1	166998 7551
20	36139	0.7	1	33873 2266
21	25499	0.7	1	24132 1367
22	67055	0.7	1	64293 2762
23	79119	0.7	1	75697 3422
24	156230	0.7	1	149267 6963
25	44234	0.7	1	41802 2432
26	78015	0.7	1	74799 3216
27	134542	0.7	1	129632 4910
28	47050	0.7	1	45140 1910
29	62106	0.7	1	59965 2141
30	66582	0.7	1	64452 2130
31	12859	0.7	1	12030 829
32	84860	0.7	1	82119 2741
33	25425	0.7	1	24371 1054
34	50412	0.7	1	48500 1912
35	111749	0.7	1	108348 3401
36	29640	0.7	1	28537 1103
37	44357	0.7	1	42710 1647
38	210866	0.7	1	206304 4562
39	22026	0.7	1	21218 808
40	62791	0.7	1	61196 1595
41	23497	0.7	1	22723 774
42	23740	0.7	1	22919 821
43	25576	0.7	1	24820 756
44	9340	0.7	1	8776 564
45	37132	0.7	1	36039 1093
46	2542	0.7	1	2266 276
47	11666	0.7	1	11102 564
48	12175	0.7	1	11716 459
49	2421	0.7	1	2169 252
50	8577	0.7	1	8244 333
51	6352	0.7	1	6044 308
52	8096	0.7	1	7732 364
53	1048	0.7	1	888 160
54	6140	0.7	1	5867 273
55	8156	0.7	1	7844 312
56	3341	0.7	1	3096 245
57	11006	0.7	1	10572 434
58	4898	0.7	1	4630 268
59	1856	0.7	1	1713 143
60	1310	0.7	1	1161 149
61	1681	0.7	1	1541 140
62	5550	0.7	1	5301 249
63	685	0.7	1	591 94
64	2378	0.7	1	2208 170
65	1128	0.7	1	990 138
66	1536	0.7	1	1414 122
67	2695	0.7	1	2532 163
68	1841	0.7	1	1707 134
69	1254	0.7	1	1144 110
70	1785	0.7	1	1643 142
71	1151	0.7	1	1047 104
72	984	0.7	1	858 126
73	1477	0.7	1	1331 146
74	1922	0.7	1	1779 143
75	2093	0.7	1	1936 157
76	889	0.7	1	779 110
77	471	0.7	1	397 74
78	660	0.7	1	565 95
79	803	0.7	1	699 104
80	809	0.7	1	708 101
81	721	0.7	1	631 90
82	749	0.7	1	640 109
83	649	0.7	1	585 64
84	673	0.7	1	568 105
85	653	0.7	1	585 68
86	596	0.7	1	519 77
87	713	0.7	1	623 90
88	674	0.7	1	589 85
89	594	0.7	1	518 76
90	564	0.7	1	464 100
91	514	0.7	1	422 92
92	472	0.7	1	388 84
93	416	0.7	1	349 67
94	452	0.7	1	329 123
95	381	0.7	1	304 77
96	398	0.7	1	318 80
97	310	0.7	1	253 57
98	366	0.7	1	291 75
99	354	0.7	1	297 57
100	317	0.7	1	238 79
101	297	0.7	1	219 78
102	282	0.7	1	229 53
103	269	0.7	1	196 73
104	241	0.7	1	182 59
105	196	0.7	1	150 46
106	249	0.7	1	196 53
107	218	0.7	1	174 44
108	242	0.7	1	185 57
109	245	0.7	1	190 55
110	201	0.7	1	146 55
111	212	0.7	1	139 73
112	181	0.7	1	131 50
113	207	0.7	1	122 85
114	178	0.7	1	123 55
115	162	0.7	1	117 45
116	171	0.7	1	116 55
117	137	0.7	1	93 44
118	149	0.7	1	94 55
119	144	0.7	1	97 47
120	130	0.7	1	73 57
121	123	0.7	1	93 30
122	122	0.7	1	71 51
123	120	0.7	1	72 48
124	126	0.7	1	70 56
125	108	0.7	1	73 35
126	132	0.7	1	64 68
127	93	0.7	1	39 54
128	101	0.7	1	48 53
129	87	0.7	1	59 28
130	95	0.7	1	72 23
131	73	0.7	1	51 22
132	105	0.7	1	79 26
133	82	0.7	1	49 33
134	136	0.7	1	108 28
135	55	0.7	1	39 16
136	77	0.7	1	51 26
137	96	0.7	1	61 35
138	114	0.7	1	89 25
139	39	0.7	1	31 8
140	52	0.7	1	30 22
141	161	0.7	1	141 20
142	56	0.7	1	40 16
143	55	0.7	1	36 19
144	47	0.7	1	30 17
145	50	0.7	1	17 33
146	34	0.7	1	23 11
147	156	0.7	1	43 113
148	73	0.7	1	39 34
149	43	0.7	1	20 23
150	1047	0.7	1	891 156

RUN STATISTICS FOR INPUT FILE: raw/25_R2_001.fastq.gz
=============================================
44048292 sequences processed in total

Total number of sequences analysed for the sequence pair length validation: 44048292

Number of sequence pairs removed because at least one read was shorter than the length cutoff (20 bp): 62237 (0.14%)
