
SUMMARISING RUN PARAMETERS
==========================
Input filename: raw/28_R2_001.fastq.gz
Trimming mode: paired-end
Trim Galore version: 0.6.6
Cutadapt version: 4.1
Python version: 3.9.12
Number of cores used for trimming: 8
Quality Phred score cutoff: 20
Quality encoding type selected: ASCII+33
Adapter sequence: 'AGATCGGAAGAGC' (Illumina TruSeq, Sanger iPCR; user defined)
Maximum trimming error rate: 0.1 (default)
Minimum required adapter overlap (stringency): 3 bp
Minimum required sequence length for both reads before a sequence pair gets removed: 20 bp
Output file will be GZIP compressed


This is cutadapt 4.1 with Python 3.9.12
Command line parameters: -j 8 -e 0.1 -q 20 -O 3 -a AGATCGGAAGAGC raw/28_R2_001.fastq.gz
Processing single-end reads on 8 cores ...
Finished in 541.53 s (11 µs/read; 5.38 M reads/minute).

=== Summary ===

Total reads processed:              48,533,240
Reads with adapters:                 5,925,209 (12.2%)
Reads written (passing filters):    48,533,240 (100.0%)

Total basepairs processed: 7,279,986,000 bp
Quality-trimmed:              25,954,783 bp (0.4%)
Total written (filtered):  7,139,149,677 bp (98.1%)

=== Adapter 1 ===

Sequence: AGATCGGAAGAGC; Type: regular 3'; Length: 13; Trimmed: 5925209 times

Minimum overlap: 3
No. of allowed errors:
1-9 bp: 0; 10-13 bp: 1

Bases preceding removed adapters:
  A: 22.9%
  C: 29.2%
  G: 29.6%
  T: 18.2%
  none/other: 0.1%

Overview of removed sequences
length	count	expect	max.err	error counts
3	1093147	758331.9	0	1093147
4	371323	189583.0	0	371323
5	192489	47395.7	0	192489
6	145907	11848.9	0	145907
7	129558	2962.2	0	129558
8	119852	740.6	0	119852
9	113323	185.1	0	112213 1110
10	113455	46.3	1	108438 5017
11	115077	11.6	1	110246 4831
12	129456	2.9	1	123962 5494
13	120837	0.7	1	116668 4169
14	137118	0.7	1	130680 6438
15	138286	0.7	1	131960 6326
16	124755	0.7	1	119194 5561
17	122345	0.7	1	116220 6125
18	109059	0.7	1	104158 4901
19	225154	0.7	1	215048 10106
20	50908	0.7	1	47766 3142
21	36763	0.7	1	34980 1783
22	86315	0.7	1	82527 3788
23	104810	0.7	1	100217 4593
24	183012	0.7	1	174527 8485
25	63991	0.7	1	60715 3276
26	107481	0.7	1	102917 4564
27	194675	0.7	1	186797 7878
28	54722	0.7	1	52197 2525
29	102832	0.7	1	99182 3650
30	81307	0.7	1	78473 2834
31	24122	0.7	1	22869 1253
32	78486	0.7	1	75549 2937
33	105512	0.7	1	102156 3356
34	57609	0.7	1	55279 2330
35	190078	0.7	1	184672 5406
36	22214	0.7	1	21206 1008
37	54440	0.7	1	52571 1869
38	35416	0.7	1	34065 1351
39	53448	0.7	1	51640 1808
40	115080	0.7	1	111947 3133
41	28455	0.7	1	27364 1091
42	63131	0.7	1	61186 1945
43	31837	0.7	1	30721 1116
44	41966	0.7	1	40339 1627
45	91074	0.7	1	88672 2402
46	12307	0.7	1	11644 663
47	28963	0.7	1	27900 1063
48	48664	0.7	1	47308 1356
49	11653	0.7	1	11092 561
50	23265	0.7	1	22487 778
51	19072	0.7	1	18349 723
52	26553	0.7	1	25712 841
53	2882	0.7	1	2603 279
54	17514	0.7	1	16905 609
55	21564	0.7	1	20837 727
56	10558	0.7	1	10088 470
57	23903	0.7	1	23047 856
58	19407	0.7	1	18698 709
59	5382	0.7	1	5094 288
60	4770	0.7	1	4487 283
61	4027	0.7	1	3788 239
62	10579	0.7	1	10156 423
63	1962	0.7	1	1757 205
64	6372	0.7	1	6052 320
65	2572	0.7	1	2332 240
66	4105	0.7	1	3868 237
67	6630	0.7	1	6322 308
68	2509	0.7	1	2331 178
69	1532	0.7	1	1385 147
70	4298	0.7	1	4069 229
71	1187	0.7	1	1048 139
72	2058	0.7	1	1863 195
73	3111	0.7	1	2911 200
74	3427	0.7	1	3210 217
75	2558	0.7	1	2396 162
76	857	0.7	1	697 160
77	894	0.7	1	800 94
78	1444	0.7	1	1328 116
79	1612	0.7	1	1469 143
80	1488	0.7	1	1360 128
81	1301	0.7	1	1188 113
82	1123	0.7	1	1011 112
83	1081	0.7	1	976 105
84	1084	0.7	1	939 145
85	992	0.7	1	884 108
86	975	0.7	1	889 86
87	990	0.7	1	898 92
88	971	0.7	1	877 94
89	910	0.7	1	794 116
90	777	0.7	1	666 111
91	747	0.7	1	658 89
92	618	0.7	1	493 125
93	494	0.7	1	432 62
94	558	0.7	1	429 129
95	540	0.7	1	423 117
96	478	0.7	1	421 57
97	435	0.7	1	383 52
98	502	0.7	1	409 93
99	443	0.7	1	381 62
100	422	0.7	1	344 78
101	353	0.7	1	303 50
102	325	0.7	1	251 74
103	319	0.7	1	248 71
104	270	0.7	1	223 47
105	264	0.7	1	233 31
106	218	0.7	1	194 24
107	277	0.7	1	235 42
108	280	0.7	1	222 58
109	240	0.7	1	180 60
110	282	0.7	1	198 84
111	249	0.7	1	183 66
112	162	0.7	1	135 27
113	232	0.7	1	153 79
114	168	0.7	1	118 50
115	165	0.7	1	126 39
116	163	0.7	1	116 47
117	158	0.7	1	111 47
118	166	0.7	1	129 37
119	142	0.7	1	87 55
120	150	0.7	1	87 63
121	139	0.7	1	79 60
122	130	0.7	1	67 63
123	127	0.7	1	72 55
124	145	0.7	1	65 80
125	89	0.7	1	48 41
126	134	0.7	1	62 72
127	98	0.7	1	45 53
128	114	0.7	1	63 51
129	83	0.7	1	56 27
130	91	0.7	1	60 31
131	71	0.7	1	49 22
132	101	0.7	1	59 42
133	77	0.7	1	27 50
134	210	0.7	1	157 53
135	92	0.7	1	54 38
136	94	0.7	1	43 51
137	94	0.7	1	56 38
138	123	0.7	1	99 24
139	75	0.7	1	50 25
140	71	0.7	1	31 40
141	219	0.7	1	186 33
142	92	0.7	1	45 47
143	53	0.7	1	26 27
144	51	0.7	1	27 24
145	68	0.7	1	25 43
146	46	0.7	1	28 18
147	193	0.7	1	46 147
148	56	0.7	1	25 31
149	65	0.7	1	31 34
150	1680	0.7	1	1432 248

RUN STATISTICS FOR INPUT FILE: raw/28_R2_001.fastq.gz
=============================================
48533240 sequences processed in total

Total number of sequences analysed for the sequence pair length validation: 48533240

Number of sequence pairs removed because at least one read was shorter than the length cutoff (20 bp): 85917 (0.18%)
