
SUMMARISING RUN PARAMETERS
==========================
Input filename: raw/31_R2_001.fastq.gz
Trimming mode: paired-end
Trim Galore version: 0.6.6
Cutadapt version: 4.1
Python version: 3.9.12
Number of cores used for trimming: 8
Quality Phred score cutoff: 20
Quality encoding type selected: ASCII+33
Adapter sequence: 'AGATCGGAAGAGC' (Illumina TruSeq, Sanger iPCR; user defined)
Maximum trimming error rate: 0.1 (default)
Minimum required adapter overlap (stringency): 3 bp
Minimum required sequence length for both reads before a sequence pair gets removed: 20 bp
Output file will be GZIP compressed


This is cutadapt 4.1 with Python 3.9.12
Command line parameters: -j 8 -e 0.1 -q 20 -O 3 -a AGATCGGAAGAGC raw/31_R2_001.fastq.gz
Processing single-end reads on 8 cores ...
Finished in 536.92 s (11 µs/read; 5.70 M reads/minute).

=== Summary ===

Total reads processed:              51,052,563
Reads with adapters:                 5,892,117 (11.5%)
Reads written (passing filters):    51,052,563 (100.0%)

Total basepairs processed: 7,657,884,450 bp
Quality-trimmed:              26,730,242 bp (0.3%)
Total written (filtered):  7,520,008,721 bp (98.2%)

=== Adapter 1 ===

Sequence: AGATCGGAAGAGC; Type: regular 3'; Length: 13; Trimmed: 5892117 times

Minimum overlap: 3
No. of allowed errors:
1-9 bp: 0; 10-13 bp: 1

Bases preceding removed adapters:
  A: 23.2%
  C: 28.8%
  G: 29.3%
  T: 18.7%
  none/other: 0.0%

Overview of removed sequences
length	count	expect	max.err	error counts
3	1164713	797696.3	0	1164713
4	382626	199424.1	0	382626
5	194932	49856.0	0	194932
6	146747	12464.0	0	146747
7	130989	3116.0	0	130989
8	121101	779.0	0	121101
9	116733	194.8	0	115261 1472
10	114259	48.7	1	110083 4176
11	117220	12.2	1	113263 3957
12	124290	3.0	1	120636 3654
13	125642	0.8	1	122593 3049
14	134323	0.8	1	130079 4244
15	135554	0.8	1	131643 3911
16	124965	0.8	1	121090 3875
17	118449	0.8	1	114494 3955
18	109099	0.8	1	105312 3787
19	163035	0.8	1	156822 6213
20	103565	0.8	1	100520 3045
21	40211	0.8	1	38729 1482
22	82870	0.8	1	80262 2608
23	102967	0.8	1	100065 2902
24	166428	0.8	1	161174 5254
25	65275	0.8	1	63093 2182
26	105263	0.8	1	102456 2807
27	182491	0.8	1	177658 4833
28	50412	0.8	1	48653 1759
29	107626	0.8	1	105175 2451
30	80913	0.8	1	79054 1859
31	24666	0.8	1	23808 858
32	104856	0.8	1	102467 2389
33	106656	0.8	1	104825 1831
34	87192	0.8	1	85749 1443
35	38300	0.8	1	37248 1052
36	109963	0.8	1	108027 1936
37	18902	0.8	1	18211 691
38	54913	0.8	1	53830 1083
39	43504	0.8	1	42450 1054
40	109239	0.8	1	107409 1830
41	38892	0.8	1	38011 881
42	8107	0.8	1	7713 394
43	74162	0.8	1	72877 1285
44	13560	0.8	1	13037 523
45	93602	0.8	1	92063 1539
46	12431	0.8	1	11939 492
47	24134	0.8	1	23561 573
48	39490	0.8	1	38718 772
49	16852	0.8	1	16403 449
50	21661	0.8	1	21167 494
51	17787	0.8	1	17360 427
52	24242	0.8	1	23740 502
53	3038	0.8	1	2811 227
54	15248	0.8	1	14887 361
55	23767	0.8	1	23247 520
56	9543	0.8	1	9228 315
57	20571	0.8	1	20102 469
58	20349	0.8	1	19914 435
59	5852	0.8	1	5608 244
60	4441	0.8	1	4249 192
61	4790	0.8	1	4594 196
62	11227	0.8	1	10946 281
63	1968	0.8	1	1812 156
64	7113	0.8	1	6891 222
65	2784	0.8	1	2566 218
66	4539	0.8	1	4365 174
67	6595	0.8	1	6361 234
68	2557	0.8	1	2345 212
69	1730	0.8	1	1545 185
70	4444	0.8	1	4187 257
71	1004	0.8	1	840 164
72	2116	0.8	1	1914 202
73	3221	0.8	1	3056 165
74	3316	0.8	1	3125 191
75	2086	0.8	1	1918 168
76	790	0.8	1	551 239
77	1002	0.8	1	868 134
78	1406	0.8	1	1282 124
79	1608	0.8	1	1441 167
80	1539	0.8	1	1351 188
81	1414	0.8	1	1236 178
82	1274	0.8	1	1121 153
83	1167	0.8	1	1046 121
84	1049	0.8	1	917 132
85	1126	0.8	1	1028 98
86	1099	0.8	1	1014 85
87	1169	0.8	1	1056 113
88	1123	0.8	1	1024 99
89	952	0.8	1	859 93
90	920	0.8	1	784 136
91	805	0.8	1	698 107
92	692	0.8	1	603 89
93	603	0.8	1	521 82
94	505	0.8	1	410 95
95	553	0.8	1	447 106
96	504	0.8	1	429 75
97	514	0.8	1	433 81
98	539	0.8	1	444 95
99	467	0.8	1	396 71
100	500	0.8	1	388 112
101	466	0.8	1	387 79
102	402	0.8	1	342 60
103	396	0.8	1	293 103
104	346	0.8	1	286 60
105	311	0.8	1	254 57
106	316	0.8	1	224 92
107	383	0.8	1	267 116
108	294	0.8	1	220 74
109	312	0.8	1	251 61
110	282	0.8	1	199 83
111	251	0.8	1	177 74
112	212	0.8	1	154 58
113	236	0.8	1	152 84
114	231	0.8	1	171 60
115	189	0.8	1	126 63
116	216	0.8	1	144 72
117	196	0.8	1	123 73
118	183	0.8	1	132 51
119	236	0.8	1	149 87
120	198	0.8	1	113 85
121	175	0.8	1	97 78
122	208	0.8	1	98 110
123	182	0.8	1	95 87
124	159	0.8	1	63 96
125	120	0.8	1	64 56
126	157	0.8	1	64 93
127	103	0.8	1	59 44
128	95	0.8	1	44 51
129	109	0.8	1	49 60
130	139	0.8	1	65 74
131	80	0.8	1	51 29
132	76	0.8	1	53 23
133	69	0.8	1	37 32
134	248	0.8	1	214 34
135	114	0.8	1	55 59
136	104	0.8	1	29 75
137	107	0.8	1	54 53
138	94	0.8	1	77 17
139	59	0.8	1	33 26
140	72	0.8	1	26 46
141	201	0.8	1	165 36
142	92	0.8	1	38 54
143	56	0.8	1	35 21
144	52	0.8	1	35 17
145	64	0.8	1	16 48
146	71	0.8	1	35 36
147	252	0.8	1	31 221
148	84	0.8	1	18 66
149	104	0.8	1	36 68
150	1587	0.8	1	1213 374

RUN STATISTICS FOR INPUT FILE: raw/31_R2_001.fastq.gz
=============================================
51052563 sequences processed in total

Total number of sequences analysed for the sequence pair length validation: 51052563

Number of sequence pairs removed because at least one read was shorter than the length cutoff (20 bp): 92296 (0.18%)
