
SUMMARISING RUN PARAMETERS
==========================
Input filename: raw/34_R2_001.fastq.gz
Trimming mode: paired-end
Trim Galore version: 0.6.6
Cutadapt version: 4.1
Python version: 3.9.12
Number of cores used for trimming: 8
Quality Phred score cutoff: 20
Quality encoding type selected: ASCII+33
Adapter sequence: 'AGATCGGAAGAGC' (Illumina TruSeq, Sanger iPCR; user defined)
Maximum trimming error rate: 0.1 (default)
Minimum required adapter overlap (stringency): 3 bp
Minimum required sequence length for both reads before a sequence pair gets removed: 20 bp
Output file will be GZIP compressed


This is cutadapt 4.1 with Python 3.9.12
Command line parameters: -j 8 -e 0.1 -q 20 -O 3 -a AGATCGGAAGAGC raw/34_R2_001.fastq.gz
Processing single-end reads on 8 cores ...
Finished in 502.41 s (11 µs/read; 5.34 M reads/minute).

=== Summary ===

Total reads processed:              44,690,376
Reads with adapters:                 4,388,438 (9.8%)
Reads written (passing filters):    44,690,376 (100.0%)

Total basepairs processed: 6,703,556,400 bp
Quality-trimmed:              30,496,545 bp (0.5%)
Total written (filtered):  6,599,633,130 bp (98.4%)

=== Adapter 1 ===

Sequence: AGATCGGAAGAGC; Type: regular 3'; Length: 13; Trimmed: 4388438 times

Minimum overlap: 3
No. of allowed errors:
1-9 bp: 0; 10-13 bp: 1

Bases preceding removed adapters:
  A: 24.0%
  C: 29.5%
  G: 28.8%
  T: 17.7%
  none/other: 0.1%

Overview of removed sequences
length	count	expect	max.err	error counts
3	1030208	698287.1	0	1030208
4	327366	174571.8	0	327366
5	157585	43642.9	0	157585
6	113293	10910.7	0	113293
7	100843	2727.7	0	100843
8	94181	681.9	0	94181
9	91163	170.5	0	88533 2630
10	88790	42.6	1	84248 4542
11	90054	10.7	1	85519 4535
12	96101	2.7	1	91504 4597
13	90343	0.7	1	87071 3272
14	99480	0.7	1	94536 4944
15	100469	0.7	1	95627 4842
16	90137	0.7	1	86186 3951
17	89748	0.7	1	85018 4730
18	81016	0.7	1	77252 3764
19	162423	0.7	1	154776 7647
20	38132	0.7	1	35910 2222
21	26597	0.7	1	25344 1253
22	59628	0.7	1	57008 2620
23	71634	0.7	1	68376 3258
24	128490	0.7	1	122188 6302
25	42396	0.7	1	40149 2247
26	73033	0.7	1	69992 3041
27	129953	0.7	1	124594 5359
28	41206	0.7	1	39423 1783
29	69322	0.7	1	66782 2540
30	55723	0.7	1	53748 1975
31	22153	0.7	1	21241 912
32	56186	0.7	1	54074 2112
33	92889	0.7	1	90343 2546
34	69185	0.7	1	67090 2095
35	34241	0.7	1	33038 1203
36	32814	0.7	1	31645 1169
37	45754	0.7	1	44396 1358
38	42840	0.7	1	41632 1208
39	30374	0.7	1	29518 856
40	14833	0.7	1	14229 604
41	31214	0.7	1	30264 950
42	8380	0.7	1	7944 436
43	20337	0.7	1	19635 702
44	14393	0.7	1	13770 623
45	42686	0.7	1	41433 1253
46	7695	0.7	1	7271 424
47	13537	0.7	1	13002 535
48	21502	0.7	1	20847 655
49	7667	0.7	1	7308 359
50	11941	0.7	1	11465 476
51	9349	0.7	1	9008 341
52	12066	0.7	1	11650 416
53	1893	0.7	1	1713 180
54	9136	0.7	1	8814 322
55	11165	0.7	1	10790 375
56	5805	0.7	1	5543 262
57	11879	0.7	1	11477 402
58	9378	0.7	1	9007 371
59	2871	0.7	1	2667 204
60	2781	0.7	1	2610 171
61	2369	0.7	1	2191 178
62	5144	0.7	1	4902 242
63	1178	0.7	1	1068 110
64	3176	0.7	1	2983 193
65	1496	0.7	1	1359 137
66	2085	0.7	1	1935 150
67	3231	0.7	1	3100 131
68	1458	0.7	1	1322 136
69	905	0.7	1	812 93
70	2316	0.7	1	2154 162
71	560	0.7	1	484 76
72	1118	0.7	1	1007 111
73	1612	0.7	1	1493 119
74	1507	0.7	1	1394 113
75	972	0.7	1	880 92
76	386	0.7	1	314 72
77	565	0.7	1	482 83
78	753	0.7	1	689 64
79	861	0.7	1	764 97
80	812	0.7	1	734 78
81	679	0.7	1	594 85
82	672	0.7	1	585 87
83	604	0.7	1	536 68
84	575	0.7	1	510 65
85	563	0.7	1	484 79
86	573	0.7	1	510 63
87	581	0.7	1	506 75
88	571	0.7	1	497 74
89	531	0.7	1	469 62
90	528	0.7	1	452 76
91	437	0.7	1	369 68
92	422	0.7	1	352 70
93	371	0.7	1	313 58
94	365	0.7	1	281 84
95	341	0.7	1	262 79
96	331	0.7	1	275 56
97	324	0.7	1	259 65
98	371	0.7	1	294 77
99	330	0.7	1	288 42
100	333	0.7	1	229 104
101	278	0.7	1	217 61
102	247	0.7	1	196 51
103	248	0.7	1	197 51
104	223	0.7	1	169 54
105	207	0.7	1	155 52
106	222	0.7	1	176 46
107	226	0.7	1	164 62
108	204	0.7	1	149 55
109	226	0.7	1	190 36
110	207	0.7	1	142 65
111	205	0.7	1	137 68
112	200	0.7	1	159 41
113	190	0.7	1	138 52
114	212	0.7	1	142 70
115	160	0.7	1	125 35
116	207	0.7	1	162 45
117	124	0.7	1	92 32
118	154	0.7	1	123 31
119	143	0.7	1	97 46
120	135	0.7	1	98 37
121	114	0.7	1	88 26
122	103	0.7	1	76 27
123	133	0.7	1	83 50
124	116	0.7	1	74 42
125	121	0.7	1	78 43
126	118	0.7	1	69 49
127	94	0.7	1	64 30
128	76	0.7	1	52 24
129	60	0.7	1	49 11
130	102	0.7	1	77 25
131	87	0.7	1	57 30
132	79	0.7	1	53 26
133	65	0.7	1	42 23
134	424	0.7	1	398 26
135	97	0.7	1	77 20
136	66	0.7	1	51 15
137	99	0.7	1	74 25
138	126	0.7	1	108 18
139	107	0.7	1	79 28
140	60	0.7	1	41 19
141	422	0.7	1	392 30
142	88	0.7	1	69 19
143	82	0.7	1	71 11
144	54	0.7	1	43 11
145	39	0.7	1	22 17
146	42	0.7	1	31 11
147	100	0.7	1	33 67
148	66	0.7	1	42 24
149	101	0.7	1	55 46
150	2915	0.7	1	2478 437

RUN STATISTICS FOR INPUT FILE: raw/34_R2_001.fastq.gz
=============================================
44690376 sequences processed in total

Total number of sequences analysed for the sequence pair length validation: 44690376

Number of sequence pairs removed because at least one read was shorter than the length cutoff (20 bp): 147952 (0.33%)
