
SUMMARISING RUN PARAMETERS
==========================
Input filename: raw/36_R2_001.fastq.gz
Trimming mode: paired-end
Trim Galore version: 0.6.6
Cutadapt version: 4.1
Python version: 3.9.12
Number of cores used for trimming: 8
Quality Phred score cutoff: 20
Quality encoding type selected: ASCII+33
Adapter sequence: 'AGATCGGAAGAGC' (Illumina TruSeq, Sanger iPCR; user defined)
Maximum trimming error rate: 0.1 (default)
Minimum required adapter overlap (stringency): 3 bp
Minimum required sequence length for both reads before a sequence pair gets removed: 20 bp
Output file will be GZIP compressed


This is cutadapt 4.1 with Python 3.9.12
Command line parameters: -j 8 -e 0.1 -q 20 -O 3 -a AGATCGGAAGAGC raw/36_R2_001.fastq.gz
Processing single-end reads on 8 cores ...
Finished in 589.04 s (11 µs/read; 5.44 M reads/minute).

=== Summary ===

Total reads processed:              53,422,544
Reads with adapters:                 5,776,178 (10.8%)
Reads written (passing filters):    53,422,544 (100.0%)

Total basepairs processed: 8,013,381,600 bp
Quality-trimmed:              32,197,984 bp (0.4%)
Total written (filtered):  7,880,294,979 bp (98.3%)

=== Adapter 1 ===

Sequence: AGATCGGAAGAGC; Type: regular 3'; Length: 13; Trimmed: 5776178 times

Minimum overlap: 3
No. of allowed errors:
1-9 bp: 0; 10-13 bp: 1

Bases preceding removed adapters:
  A: 22.9%
  C: 30.3%
  G: 28.7%
  T: 18.0%
  none/other: 0.1%

Overview of removed sequences
length	count	expect	max.err	error counts
3	1194354	834727.2	0	1194354
4	397669	208681.8	0	397669
5	200215	52170.5	0	200215
6	151015	13042.6	0	151015
7	135799	3260.7	0	135799
8	125786	815.2	0	125786
9	120679	203.8	0	118478 2201
10	115556	50.9	1	111079 4477
11	117192	12.7	1	112693 4499
12	127310	3.2	1	122811 4499
13	120694	0.8	1	117328 3366
14	133948	0.8	1	128725 5223
15	136836	0.8	1	131734 5102
16	124171	0.8	1	119672 4499
17	122314	0.8	1	117331 4983
18	109375	0.8	1	105136 4239
19	225374	0.8	1	217046 8328
20	44751	0.8	1	42430 2321
21	30698	0.8	1	29442 1256
22	82883	0.8	1	79988 2895
23	99057	0.8	1	95574 3483
24	186491	0.8	1	178965 7526
25	54095	0.8	1	51557 2538
26	101323	0.8	1	98013 3310
27	195334	0.8	1	189044 6290
28	53937	0.8	1	51992 1945
29	108208	0.8	1	105231 2977
30	80384	0.8	1	78183 2201
31	21710	0.8	1	20797 913
32	99423	0.8	1	96533 2890
33	216224	0.8	1	212219 4005
34	37532	0.8	1	36386 1146
35	69919	0.8	1	68432 1487
36	35068	0.8	1	34049 1019
37	28436	0.8	1	27571 865
38	108350	0.8	1	106337 2013
39	15703	0.8	1	15125 578
40	111951	0.8	1	110154 1797
41	4284	0.8	1	3973 311
42	20724	0.8	1	20042 682
43	40102	0.8	1	39287 815
44	11769	0.8	1	11277 492
45	59661	0.8	1	58391 1270
46	4743	0.8	1	4428 315
47	14732	0.8	1	14196 536
48	22574	0.8	1	22000 574
49	4425	0.8	1	4148 277
50	12683	0.8	1	12267 416
51	10611	0.8	1	10267 344
52	11757	0.8	1	11360 397
53	1141	0.8	1	985 156
54	8949	0.8	1	8643 306
55	12296	0.8	1	11940 356
56	4255	0.8	1	4014 241
57	13135	0.8	1	12701 434
58	9575	0.8	1	9231 344
59	3076	0.8	1	2882 194
60	1362	0.8	1	1223 139
61	2266	0.8	1	2081 185
62	7252	0.8	1	6980 272
63	747	0.8	1	622 125
64	3609	0.8	1	3436 173
65	1226	0.8	1	1092 134
66	2418	0.8	1	2230 188
67	3498	0.8	1	3302 196
68	2082	0.8	1	1929 153
69	1156	0.8	1	1018 138
70	2718	0.8	1	2548 170
71	1162	0.8	1	1005 157
72	1227	0.8	1	1100 127
73	2031	0.8	1	1862 169
74	2231	0.8	1	2080 151
75	2032	0.8	1	1902 130
76	726	0.8	1	607 119
77	639	0.8	1	551 88
78	938	0.8	1	832 106
79	1050	0.8	1	938 112
80	1020	0.8	1	920 100
81	1033	0.8	1	910 123
82	933	0.8	1	808 125
83	878	0.8	1	746 132
84	845	0.8	1	745 100
85	829	0.8	1	745 84
86	805	0.8	1	720 85
87	855	0.8	1	762 93
88	829	0.8	1	720 109
89	723	0.8	1	638 85
90	736	0.8	1	637 99
91	601	0.8	1	506 95
92	570	0.8	1	470 100
93	527	0.8	1	442 85
94	541	0.8	1	388 153
95	493	0.8	1	381 112
96	450	0.8	1	379 71
97	427	0.8	1	364 63
98	428	0.8	1	353 75
99	408	0.8	1	360 48
100	464	0.8	1	356 108
101	393	0.8	1	321 72
102	361	0.8	1	301 60
103	338	0.8	1	268 70
104	305	0.8	1	242 63
105	305	0.8	1	250 55
106	329	0.8	1	269 60
107	300	0.8	1	233 67
108	323	0.8	1	226 97
109	323	0.8	1	261 62
110	283	0.8	1	204 79
111	256	0.8	1	184 72
112	267	0.8	1	207 60
113	248	0.8	1	168 80
114	210	0.8	1	168 42
115	189	0.8	1	143 46
116	213	0.8	1	162 51
117	223	0.8	1	137 86
118	207	0.8	1	157 50
119	197	0.8	1	135 62
120	194	0.8	1	126 68
121	174	0.8	1	105 69
122	116	0.8	1	96 20
123	157	0.8	1	92 65
124	135	0.8	1	70 65
125	140	0.8	1	97 43
126	195	0.8	1	93 102
127	141	0.8	1	77 64
128	116	0.8	1	71 45
129	104	0.8	1	80 24
130	132	0.8	1	78 54
131	115	0.8	1	74 41
132	101	0.8	1	67 34
133	99	0.8	1	44 55
134	325	0.8	1	273 52
135	127	0.8	1	75 52
136	118	0.8	1	65 53
137	120	0.8	1	62 58
138	172	0.8	1	137 35
139	86	0.8	1	60 26
140	102	0.8	1	57 45
141	296	0.8	1	258 38
142	84	0.8	1	66 18
143	94	0.8	1	64 30
144	72	0.8	1	49 23
145	91	0.8	1	34 57
146	45	0.8	1	28 17
147	182	0.8	1	53 129
148	85	0.8	1	43 42
149	100	0.8	1	51 49
150	1869	0.8	1	1515 354

RUN STATISTICS FOR INPUT FILE: raw/36_R2_001.fastq.gz
=============================================
53422544 sequences processed in total

Total number of sequences analysed for the sequence pair length validation: 53422544

Number of sequence pairs removed because at least one read was shorter than the length cutoff (20 bp): 128515 (0.24%)
