
SUMMARISING RUN PARAMETERS
==========================
Input filename: raw/36_R1_001.fastq.gz
Trimming mode: paired-end
Trim Galore version: 0.6.6
Cutadapt version: 4.1
Python version: 3.9.12
Number of cores used for trimming: 8
Quality Phred score cutoff: 20
Quality encoding type selected: ASCII+33
Adapter sequence: 'AGATCGGAAGAGC' (Illumina TruSeq, Sanger iPCR; user defined)
Maximum trimming error rate: 0.1 (default)
Minimum required adapter overlap (stringency): 3 bp
Minimum required sequence length for both reads before a sequence pair gets removed: 20 bp
Output file will be GZIP compressed


This is cutadapt 4.1 with Python 3.9.12
Command line parameters: -j 8 -e 0.1 -q 20 -O 3 -a AGATCGGAAGAGC raw/36_R1_001.fastq.gz
Processing single-end reads on 8 cores ...
Finished in 584.18 s (11 µs/read; 5.49 M reads/minute).

=== Summary ===

Total reads processed:              53,422,544
Reads with adapters:                 5,914,338 (11.1%)
Reads written (passing filters):    53,422,544 (100.0%)

Total basepairs processed: 8,013,381,600 bp
Quality-trimmed:              16,619,736 bp (0.2%)
Total written (filtered):  7,873,812,261 bp (98.3%)

=== Adapter 1 ===

Sequence: AGATCGGAAGAGC; Type: regular 3'; Length: 13; Trimmed: 5914338 times

Minimum overlap: 3
No. of allowed errors:
1-9 bp: 0; 10-13 bp: 1

Bases preceding removed adapters:
  A: 22.7%
  C: 29.7%
  G: 28.2%
  T: 17.5%
  none/other: 1.9%

Overview of removed sequences
length	count	expect	max.err	error counts
3	1225632	834727.2	0	1225632
4	402681	208681.8	0	402681
5	200942	52170.5	0	200942
6	150677	13042.6	0	150677
7	135017	3260.7	0	135017
8	124565	815.2	0	124565
9	120749	203.8	0	118389 2360
10	113069	50.9	1	109034 4035
11	116639	12.7	1	112444 4195
12	119174	3.2	1	115434 3740
13	126078	0.8	1	122042 4036
14	132227	0.8	1	127727 4500
15	132818	0.8	1	128255 4563
16	129429	0.8	1	124960 4469
17	120015	0.8	1	116019 3996
18	105447	0.8	1	102454 2993
19	98054	0.8	1	95146 2908
20	91164	0.8	1	87928 3236
21	92253	0.8	1	89086 3167
22	93481	0.8	1	90895 2586
23	98276	0.8	1	95292 2984
24	103066	0.8	1	99738 3328
25	104745	0.8	1	101240 3505
26	100991	0.8	1	98046 2945
27	94486	0.8	1	91295 3191
28	86842	0.8	1	83498 3344
29	75003	0.8	1	72606 2397
30	67145	0.8	1	65118 2027
31	64207	0.8	1	62120 2087
32	66524	0.8	1	64135 2389
33	66099	0.8	1	63986 2113
34	72037	0.8	1	69323 2714
35	73418	0.8	1	70933 2485
36	70798	0.8	1	68720 2078
37	67772	0.8	1	65446 2326
38	55718	0.8	1	54339 1379
39	52837	0.8	1	51173 1664
40	42901	0.8	1	41567 1334
41	37998	0.8	1	36615 1383
42	38922	0.8	1	37629 1293
43	39683	0.8	1	38361 1322
44	66512	0.8	1	64702 1810
45	33141	0.8	1	32217 924
46	33922	0.8	1	33121 801
47	25408	0.8	1	24677 731
48	32776	0.8	1	31870 906
49	26656	0.8	1	25878 778
50	24643	0.8	1	23870 773
51	19051	0.8	1	18441 610
52	24817	0.8	1	24103 714
53	27154	0.8	1	26538 616
54	14741	0.8	1	14292 449
55	26167	0.8	1	25567 600
56	33805	0.8	1	33141 664
57	24246	0.8	1	23738 508
58	11805	0.8	1	11509 296
59	4599	0.8	1	4445 154
60	2607	0.8	1	2477 130
61	1432	0.8	1	1306 126
62	2158	0.8	1	2050 108
63	2111	0.8	1	1992 119
64	1444	0.8	1	1341 103
65	1013	0.8	1	892 121
66	1257	0.8	1	1119 138
67	2766	0.8	1	2646 120
68	3142	0.8	1	3015 127
69	2662	0.8	1	2487 175
70	2139	0.8	1	2005 134
71	1817	0.8	1	1695 122
72	1811	0.8	1	1686 125
73	1904	0.8	1	1754 150
74	1882	0.8	1	1773 109
75	2043	0.8	1	1911 132
76	2059	0.8	1	1931 128
77	1995	0.8	1	1892 103
78	1843	0.8	1	1726 117
79	1559	0.8	1	1448 111
80	1277	0.8	1	1189 88
81	1156	0.8	1	1040 116
82	1043	0.8	1	897 146
83	922	0.8	1	794 128
84	840	0.8	1	760 80
85	874	0.8	1	786 88
86	786	0.8	1	719 67
87	829	0.8	1	762 67
88	843	0.8	1	750 93
89	746	0.8	1	662 84
90	708	0.8	1	629 79
91	591	0.8	1	504 87
92	547	0.8	1	466 81
93	475	0.8	1	411 64
94	493	0.8	1	365 128
95	439	0.8	1	355 84
96	411	0.8	1	354 57
97	414	0.8	1	338 76
98	396	0.8	1	325 71
99	397	0.8	1	344 53
100	392	0.8	1	311 81
101	361	0.8	1	285 76
102	327	0.8	1	265 62
103	314	0.8	1	244 70
104	244	0.8	1	201 43
105	284	0.8	1	217 67
106	267	0.8	1	209 58
107	259	0.8	1	199 60
108	267	0.8	1	181 86
109	282	0.8	1	216 66
110	246	0.8	1	182 64
111	272	0.8	1	161 111
112	207	0.8	1	168 39
113	215	0.8	1	148 67
114	188	0.8	1	139 49
115	165	0.8	1	119 46
116	193	0.8	1	143 50
117	193	0.8	1	120 73
118	198	0.8	1	143 55
119	199	0.8	1	138 61
120	163	0.8	1	98 65
121	161	0.8	1	97 64
122	106	0.8	1	76 30
123	124	0.8	1	89 35
124	119	0.8	1	69 50
125	120	0.8	1	83 37
126	149	0.8	1	83 66
127	117	0.8	1	69 48
128	117	0.8	1	71 46
129	107	0.8	1	71 36
130	151	0.8	1	75 76
131	123	0.8	1	79 44
132	92	0.8	1	66 26
133	113	0.8	1	45 68
134	336	0.8	1	278 58
135	134	0.8	1	78 56
136	112	0.8	1	63 49
137	125	0.8	1	60 65
138	181	0.8	1	136 45
139	81	0.8	1	59 22
140	130	0.8	1	53 77
141	304	0.8	1	265 39
142	102	0.8	1	65 37
143	112	0.8	1	63 49
144	74	0.8	1	45 29
145	88	0.8	1	34 54
146	78	0.8	1	29 49
147	257	0.8	1	46 211
148	136	0.8	1	41 95
149	1875	0.8	1	43 1832
150	110525	0.8	1	1538 108987

RUN STATISTICS FOR INPUT FILE: raw/36_R1_001.fastq.gz
=============================================
53422544 sequences processed in total

