
SUMMARISING RUN PARAMETERS
==========================
Input filename: raw/11_R1_001.fastq.gz
Trimming mode: paired-end
Trim Galore version: 0.6.6
Cutadapt version: 4.1
Python version: 3.9.12
Number of cores used for trimming: 8
Quality Phred score cutoff: 20
Quality encoding type selected: ASCII+33
Adapter sequence: 'AGATCGGAAGAGC' (Illumina TruSeq, Sanger iPCR; user defined)
Maximum trimming error rate: 0.1 (default)
Minimum required adapter overlap (stringency): 3 bp
Minimum required sequence length for both reads before a sequence pair gets removed: 20 bp
Output file will be GZIP compressed


This is cutadapt 4.1 with Python 3.9.12
Command line parameters: -j 8 -e 0.1 -q 20 -O 3 -a AGATCGGAAGAGC raw/11_R1_001.fastq.gz
Processing single-end reads on 8 cores ...
Finished in 467.43 s (11 µs/read; 5.39 M reads/minute).

=== Summary ===

Total reads processed:              42,005,558
Reads with adapters:                 4,807,939 (11.4%)
Reads written (passing filters):    42,005,558 (100.0%)

Total basepairs processed: 6,300,833,700 bp
Quality-trimmed:              15,582,758 bp (0.2%)
Total written (filtered):  6,186,743,023 bp (98.2%)

=== Adapter 1 ===

Sequence: AGATCGGAAGAGC; Type: regular 3'; Length: 13; Trimmed: 4807939 times

Minimum overlap: 3
No. of allowed errors:
1-9 bp: 0; 10-13 bp: 1

Bases preceding removed adapters:
  A: 23.8%
  C: 28.7%
  G: 28.2%
  T: 17.4%
  none/other: 1.9%

Overview of removed sequences
length	count	expect	max.err	error counts
3	1018657	656336.8	0	1018657
4	331776	164084.2	0	331776
5	164710	41021.1	0	164710
6	121764	10255.3	0	121764
7	109725	2563.8	0	109725
8	101538	641.0	0	101538
9	98503	160.2	0	96534 1969
10	92435	40.1	1	88371 4064
11	95953	10.0	1	92108 3845
12	96803	2.5	1	93562 3241
13	104117	0.6	1	100321 3796
14	107475	0.6	1	103633 3842
15	108288	0.6	1	104289 3999
16	104614	0.6	1	100812 3802
17	97425	0.6	1	94042 3383
18	85587	0.6	1	83129 2458
19	80832	0.6	1	78246 2586
20	75299	0.6	1	72481 2818
21	75426	0.6	1	72665 2761
22	76090	0.6	1	73822 2268
23	79252	0.6	1	76569 2683
24	82362	0.6	1	79515 2847
25	85022	0.6	1	82169 2853
26	80562	0.6	1	78157 2405
27	75750	0.6	1	72989 2761
28	68940	0.6	1	66162 2778
29	60709	0.6	1	58534 2175
30	54139	0.6	1	52560 1579
31	52819	0.6	1	50947 1872
32	54497	0.6	1	52415 2082
33	53572	0.6	1	51862 1710
34	57520	0.6	1	55325 2195
35	58656	0.6	1	56755 1901
36	56689	0.6	1	54822 1867
37	53327	0.6	1	51450 1877
38	45412	0.6	1	44208 1204
39	41816	0.6	1	40404 1412
40	31817	0.6	1	30674 1143
41	32792	0.6	1	31663 1129
42	32398	0.6	1	31224 1174
43	30818	0.6	1	29756 1062
44	49474	0.6	1	48067 1407
45	23114	0.6	1	22494 620
46	24348	0.6	1	23739 609
47	25504	0.6	1	24834 670
48	24666	0.6	1	23961 705
49	21302	0.6	1	20621 681
50	18276	0.6	1	17654 622
51	15497	0.6	1	14937 560
52	16870	0.6	1	16283 587
53	18769	0.6	1	18168 601
54	13930	0.6	1	13509 421
55	17680	0.6	1	17182 498
56	23109	0.6	1	22599 510
57	19988	0.6	1	19561 427
58	12947	0.6	1	12671 276
59	6286	0.6	1	6102 184
60	3392	0.6	1	3286 106
61	1892	0.6	1	1794 98
62	2280	0.6	1	2192 88
63	2074	0.6	1	1999 75
64	1634	0.6	1	1545 89
65	904	0.6	1	823 81
66	1122	0.6	1	1041 81
67	1879	0.6	1	1790 89
68	2175	0.6	1	2044 131
69	1992	0.6	1	1891 101
70	1657	0.6	1	1549 108
71	1438	0.6	1	1332 106
72	1353	0.6	1	1272 81
73	1295	0.6	1	1190 105
74	1390	0.6	1	1316 74
75	1556	0.6	1	1441 115
76	1487	0.6	1	1388 99
77	1482	0.6	1	1406 76
78	1367	0.6	1	1304 63
79	1228	0.6	1	1152 76
80	996	0.6	1	890 106
81	891	0.6	1	792 99
82	737	0.6	1	642 95
83	719	0.6	1	634 85
84	605	0.6	1	524 81
85	636	0.6	1	582 54
86	617	0.6	1	564 53
87	584	0.6	1	541 43
88	596	0.6	1	528 68
89	517	0.6	1	458 59
90	500	0.6	1	453 47
91	433	0.6	1	386 47
92	381	0.6	1	333 48
93	353	0.6	1	317 36
94	296	0.6	1	241 55
95	283	0.6	1	230 53
96	272	0.6	1	232 40
97	301	0.6	1	247 54
98	290	0.6	1	233 57
99	287	0.6	1	244 43
100	276	0.6	1	205 71
101	239	0.6	1	192 47
102	240	0.6	1	194 46
103	197	0.6	1	155 42
104	164	0.6	1	116 48
105	171	0.6	1	132 39
106	171	0.6	1	124 47
107	211	0.6	1	133 78
108	181	0.6	1	127 54
109	164	0.6	1	108 56
110	147	0.6	1	111 36
111	145	0.6	1	84 61
112	109	0.6	1	78 31
113	129	0.6	1	88 41
114	149	0.6	1	95 54
115	125	0.6	1	76 49
116	130	0.6	1	78 52
117	143	0.6	1	85 58
118	130	0.6	1	94 36
119	115	0.6	1	55 60
120	101	0.6	1	62 39
121	61	0.6	1	45 16
122	71	0.6	1	38 33
123	76	0.6	1	35 41
124	68	0.6	1	37 31
125	81	0.6	1	54 27
126	94	0.6	1	46 48
127	92	0.6	1	52 40
128	84	0.6	1	34 50
129	79	0.6	1	35 44
130	72	0.6	1	43 29
131	79	0.6	1	55 24
132	73	0.6	1	44 29
133	64	0.6	1	27 37
134	224	0.6	1	186 38
135	85	0.6	1	49 36
136	46	0.6	1	27 19
137	88	0.6	1	47 41
138	74	0.6	1	60 14
139	53	0.6	1	37 16
140	62	0.6	1	29 33
141	201	0.6	1	176 25
142	54	0.6	1	34 20
143	63	0.6	1	39 24
144	36	0.6	1	20 16
145	53	0.6	1	20 33
146	50	0.6	1	20 30
147	133	0.6	1	35 98
148	105	0.6	1	30 75
149	1583	0.6	1	30 1553
150	89061	0.6	1	1684 87377

RUN STATISTICS FOR INPUT FILE: raw/11_R1_001.fastq.gz
=============================================
42005558 sequences processed in total

