
SUMMARISING RUN PARAMETERS
==========================
Input filename: raw/11_R2_001.fastq.gz
Trimming mode: paired-end
Trim Galore version: 0.6.6
Cutadapt version: 4.1
Python version: 3.9.12
Number of cores used for trimming: 8
Quality Phred score cutoff: 20
Quality encoding type selected: ASCII+33
Adapter sequence: 'AGATCGGAAGAGC' (Illumina TruSeq, Sanger iPCR; user defined)
Maximum trimming error rate: 0.1 (default)
Minimum required adapter overlap (stringency): 3 bp
Minimum required sequence length for both reads before a sequence pair gets removed: 20 bp
Output file will be GZIP compressed


This is cutadapt 4.1 with Python 3.9.12
Command line parameters: -j 8 -e 0.1 -q 20 -O 3 -a AGATCGGAAGAGC raw/11_R2_001.fastq.gz
Processing single-end reads on 8 cores ...
Finished in 470.39 s (11 µs/read; 5.36 M reads/minute).

=== Summary ===

Total reads processed:              42,005,558
Reads with adapters:                 4,678,739 (11.1%)
Reads written (passing filters):    42,005,558 (100.0%)

Total basepairs processed: 6,300,833,700 bp
Quality-trimmed:              26,891,262 bp (0.4%)
Total written (filtered):  6,192,119,293 bp (98.3%)

=== Adapter 1 ===

Sequence: AGATCGGAAGAGC; Type: regular 3'; Length: 13; Trimmed: 4678739 times

Minimum overlap: 3
No. of allowed errors:
1-9 bp: 0; 10-13 bp: 1

Bases preceding removed adapters:
  A: 24.0%
  C: 29.4%
  G: 28.6%
  T: 18.0%
  none/other: 0.1%

Overview of removed sequences
length	count	expect	max.err	error counts
3	987979	656336.8	0	987979
4	327007	164084.2	0	327007
5	163785	41021.1	0	163785
6	121753	10255.3	0	121753
7	109421	2563.8	0	109421
8	102228	641.0	0	102228
9	97768	160.2	0	95892 1876
10	94072	40.1	1	89637 4435
11	96509	10.0	1	92238 4271
12	101637	2.5	1	97628 4009
13	101017	0.6	1	97899 3118
14	108842	0.6	1	104532 4310
15	111267	0.6	1	106930 4337
16	99893	0.6	1	96136 3757
17	99282	0.6	1	95188 4094
18	88423	0.6	1	84892 3531
19	183355	0.6	1	176305 7050
20	37490	0.6	1	35694 1796
21	26726	0.6	1	25619 1107
22	67332	0.6	1	65050 2282
23	79784	0.6	1	76800 2984
24	154374	0.6	1	148218 6156
25	45883	0.6	1	43845 2038
26	79878	0.6	1	77184 2694
27	146087	0.6	1	141247 4840
28	45218	0.6	1	43661 1557
29	73177	0.6	1	71124 2053
30	63289	0.6	1	61564 1725
31	23294	0.6	1	22504 790
32	67638	0.6	1	65668 1970
33	87562	0.6	1	85663 1899
34	77080	0.6	1	75297 1783
35	30017	0.6	1	29054 963
36	81825	0.6	1	79923 1902
37	60210	0.6	1	58907 1303
38	18121	0.6	1	17432 689
39	17011	0.6	1	16459 552
40	56882	0.6	1	55722 1160
41	5526	0.6	1	5215 311
42	23182	0.6	1	22531 651
43	31655	0.6	1	30932 723
44	17342	0.6	1	16751 591
45	51190	0.6	1	50101 1089
46	7197	0.6	1	6842 355
47	15918	0.6	1	15450 468
48	25823	0.6	1	25257 566
49	7247	0.6	1	6966 281
50	14040	0.6	1	13625 415
51	9890	0.6	1	9548 342
52	15627	0.6	1	15221 406
53	1722	0.6	1	1566 156
54	10507	0.6	1	10220 287
55	12925	0.6	1	12591 334
56	6782	0.6	1	6581 201
57	12498	0.6	1	12120 378
58	14126	0.6	1	13777 349
59	4950	0.6	1	4751 199
60	2884	0.6	1	2748 136
61	2784	0.6	1	2638 146
62	6539	0.6	1	6303 236
63	1216	0.6	1	1119 97
64	3793	0.6	1	3641 152
65	1560	0.6	1	1442 118
66	2352	0.6	1	2218 134
67	3711	0.6	1	3547 164
68	1563	0.6	1	1416 147
69	891	0.6	1	775 116
70	2591	0.6	1	2464 127
71	615	0.6	1	531 84
72	1308	0.6	1	1172 136
73	1835	0.6	1	1714 121
74	1790	0.6	1	1693 97
75	1158	0.6	1	1079 79
76	415	0.6	1	338 77
77	549	0.6	1	472 77
78	827	0.6	1	768 59
79	933	0.6	1	854 79
80	889	0.6	1	782 107
81	835	0.6	1	708 127
82	693	0.6	1	613 80
83	653	0.6	1	574 79
84	558	0.6	1	490 68
85	644	0.6	1	581 63
86	611	0.6	1	556 55
87	595	0.6	1	541 54
88	577	0.6	1	515 62
89	518	0.6	1	448 70
90	536	0.6	1	466 70
91	453	0.6	1	387 66
92	423	0.6	1	355 68
93	378	0.6	1	340 38
94	327	0.6	1	245 82
95	345	0.6	1	251 94
96	298	0.6	1	238 60
97	309	0.6	1	261 48
98	278	0.6	1	227 51
99	314	0.6	1	266 48
100	300	0.6	1	215 85
101	261	0.6	1	205 56
102	249	0.6	1	208 41
103	205	0.6	1	173 32
104	190	0.6	1	138 52
105	199	0.6	1	149 50
106	182	0.6	1	136 46
107	232	0.6	1	153 79
108	190	0.6	1	141 49
109	185	0.6	1	127 58
110	182	0.6	1	125 57
111	147	0.6	1	95 52
112	128	0.6	1	93 35
113	146	0.6	1	98 48
114	148	0.6	1	96 52
115	116	0.6	1	81 35
116	164	0.6	1	84 80
117	139	0.6	1	96 43
118	142	0.6	1	110 32
119	115	0.6	1	68 47
120	141	0.6	1	76 65
121	79	0.6	1	51 28
122	86	0.6	1	48 38
123	78	0.6	1	42 36
124	66	0.6	1	41 25
125	89	0.6	1	60 29
126	101	0.6	1	55 46
127	83	0.6	1	57 26
128	79	0.6	1	40 39
129	81	0.6	1	43 38
130	83	0.6	1	43 40
131	92	0.6	1	54 38
132	65	0.6	1	43 22
133	66	0.6	1	32 34
134	216	0.6	1	181 35
135	67	0.6	1	49 18
136	40	0.6	1	25 15
137	80	0.6	1	50 30
138	108	0.6	1	84 24
139	52	0.6	1	35 17
140	45	0.6	1	29 16
141	187	0.6	1	173 14
142	40	0.6	1	34 6
143	60	0.6	1	41 19
144	37	0.6	1	19 18
145	33	0.6	1	20 13
146	29	0.6	1	20 9
147	105	0.6	1	34 71
148	52	0.6	1	29 23
149	69	0.6	1	39 30
150	1899	0.6	1	1656 243

RUN STATISTICS FOR INPUT FILE: raw/11_R2_001.fastq.gz
=============================================
42005558 sequences processed in total

Total number of sequences analysed for the sequence pair length validation: 42005558

Number of sequence pairs removed because at least one read was shorter than the length cutoff (20 bp): 100784 (0.24%)
