
SUMMARISING RUN PARAMETERS
==========================
Input filename: raw/12_R2_001.fastq.gz
Trimming mode: paired-end
Trim Galore version: 0.6.6
Cutadapt version: 4.1
Python version: 3.9.12
Number of cores used for trimming: 8
Quality Phred score cutoff: 20
Quality encoding type selected: ASCII+33
Adapter sequence: 'AGATCGGAAGAGC' (Illumina TruSeq, Sanger iPCR; user defined)
Maximum trimming error rate: 0.1 (default)
Minimum required adapter overlap (stringency): 3 bp
Minimum required sequence length for both reads before a sequence pair gets removed: 20 bp
Output file will be GZIP compressed


This is cutadapt 4.1 with Python 3.9.12
Command line parameters: -j 8 -e 0.1 -q 20 -O 3 -a AGATCGGAAGAGC raw/12_R2_001.fastq.gz
Processing single-end reads on 8 cores ...
Finished in 525.19 s (11 µs/read; 5.41 M reads/minute).

=== Summary ===

Total reads processed:              47,348,434
Reads with adapters:                 4,788,342 (10.1%)
Reads written (passing filters):    47,348,434 (100.0%)

Total basepairs processed: 7,102,265,100 bp
Quality-trimmed:              25,453,665 bp (0.4%)
Total written (filtered):  6,994,043,582 bp (98.5%)

=== Adapter 1 ===

Sequence: AGATCGGAAGAGC; Type: regular 3'; Length: 13; Trimmed: 4788342 times

Minimum overlap: 3
No. of allowed errors:
1-9 bp: 0; 10-13 bp: 1

Bases preceding removed adapters:
  A: 23.3%
  C: 29.8%
  G: 28.9%
  T: 18.0%
  none/other: 0.1%

Overview of removed sequences
length	count	expect	max.err	error counts
3	1064532	739819.3	0	1064532
4	347011	184954.8	0	347011
5	172229	46238.7	0	172229
6	125034	11559.7	0	125034
7	112606	2889.9	0	112606
8	102930	722.5	0	102930
9	96829	180.6	0	95756 1073
10	95306	45.2	1	91345 3961
11	95688	11.3	1	91897 3791
12	103829	2.8	1	99961 3868
13	101059	0.7	1	98005 3054
14	110949	0.7	1	106561 4388
15	111621	0.7	1	107553 4068
16	103857	0.7	1	100041 3816
17	98784	0.7	1	94948 3836
18	90403	0.7	1	86495 3908
19	135852	0.7	1	129659 6193
20	89159	0.7	1	86170 2989
21	22797	0.7	1	21651 1146
22	63809	0.7	1	61513 2296
23	80025	0.7	1	77134 2891
24	144785	0.7	1	139292 5493
25	44779	0.7	1	42697 2082
26	79703	0.7	1	76927 2776
27	136004	0.7	1	131291 4713
28	40556	0.7	1	38955 1601
29	68438	0.7	1	66420 2018
30	54016	0.7	1	52297 1719
31	22893	0.7	1	22097 796
32	52165	0.7	1	50531 1634
33	44465	0.7	1	43186 1279
34	90054	0.7	1	87346 2708
35	28920	0.7	1	27809 1111
36	53002	0.7	1	51375 1627
37	137724	0.7	1	134549 3175
38	39212	0.7	1	37978 1234
39	11249	0.7	1	10736 513
40	62984	0.7	1	61573 1411
41	8039	0.7	1	7667 372
42	19299	0.7	1	18779 520
43	37016	0.7	1	36125 891
44	15818	0.7	1	15299 519
45	58477	0.7	1	57233 1244
46	7150	0.7	1	6797 353
47	16624	0.7	1	16140 484
48	26254	0.7	1	25593 661
49	7117	0.7	1	6802 315
50	13386	0.7	1	12952 434
51	11186	0.7	1	10805 381
52	14892	0.7	1	14459 433
53	1763	0.7	1	1575 188
54	10286	0.7	1	9991 295
55	12892	0.7	1	12513 379
56	6370	0.7	1	6102 268
57	13688	0.7	1	13274 414
58	11050	0.7	1	10679 371
59	3823	0.7	1	3630 193
60	2745	0.7	1	2600 145
61	2441	0.7	1	2274 167
62	6025	0.7	1	5781 244
63	1197	0.7	1	1091 106
64	3263	0.7	1	3118 145
65	1515	0.7	1	1364 151
66	2372	0.7	1	2182 190
67	3618	0.7	1	3426 192
68	1650	0.7	1	1523 127
69	875	0.7	1	744 131
70	2599	0.7	1	2427 172
71	630	0.7	1	476 154
72	1298	0.7	1	1149 149
73	1944	0.7	1	1779 165
74	1833	0.7	1	1713 120
75	959	0.7	1	873 86
76	391	0.7	1	308 83
77	546	0.7	1	482 64
78	853	0.7	1	775 78
79	906	0.7	1	818 88
80	858	0.7	1	761 97
81	837	0.7	1	698 139
82	776	0.7	1	659 117
83	692	0.7	1	578 114
84	664	0.7	1	568 96
85	617	0.7	1	521 96
86	657	0.7	1	592 65
87	665	0.7	1	562 103
88	625	0.7	1	562 63
89	600	0.7	1	518 82
90	590	0.7	1	499 91
91	500	0.7	1	411 89
92	427	0.7	1	352 75
93	418	0.7	1	358 60
94	410	0.7	1	312 98
95	390	0.7	1	267 123
96	309	0.7	1	244 65
97	334	0.7	1	284 50
98	360	0.7	1	291 69
99	317	0.7	1	271 46
100	347	0.7	1	268 79
101	296	0.7	1	236 60
102	293	0.7	1	216 77
103	231	0.7	1	168 63
104	283	0.7	1	207 76
105	232	0.7	1	179 53
106	265	0.7	1	200 65
107	209	0.7	1	158 51
108	249	0.7	1	173 76
109	239	0.7	1	166 73
110	226	0.7	1	156 70
111	200	0.7	1	136 64
112	195	0.7	1	131 64
113	200	0.7	1	134 66
114	167	0.7	1	109 58
115	150	0.7	1	109 41
116	159	0.7	1	105 54
117	172	0.7	1	109 63
118	158	0.7	1	107 51
119	169	0.7	1	119 50
120	166	0.7	1	125 41
121	137	0.7	1	85 52
122	99	0.7	1	74 25
123	143	0.7	1	87 56
124	116	0.7	1	76 40
125	95	0.7	1	65 30
126	160	0.7	1	76 84
127	118	0.7	1	70 48
128	97	0.7	1	67 30
129	123	0.7	1	52 71
130	145	0.7	1	84 61
131	84	0.7	1	46 38
132	91	0.7	1	60 31
133	86	0.7	1	49 37
134	212	0.7	1	167 45
135	79	0.7	1	49 30
136	86	0.7	1	46 40
137	99	0.7	1	64 35
138	124	0.7	1	100 24
139	79	0.7	1	52 27
140	79	0.7	1	48 31
141	214	0.7	1	179 35
142	80	0.7	1	45 35
143	64	0.7	1	39 25
144	46	0.7	1	35 11
145	55	0.7	1	19 36
146	39	0.7	1	22 17
147	319	0.7	1	232 87
148	70	0.7	1	34 36
149	54	0.7	1	26 28
150	1449	0.7	1	1269 180

RUN STATISTICS FOR INPUT FILE: raw/12_R2_001.fastq.gz
=============================================
47348434 sequences processed in total

Total number of sequences analysed for the sequence pair length validation: 47348434

Number of sequence pairs removed because at least one read was shorter than the length cutoff (20 bp): 82597 (0.17%)
