
SUMMARISING RUN PARAMETERS
==========================
Input filename: raw/12_R1_001.fastq.gz
Trimming mode: paired-end
Trim Galore version: 0.6.6
Cutadapt version: 4.1
Python version: 3.9.12
Number of cores used for trimming: 8
Quality Phred score cutoff: 20
Quality encoding type selected: ASCII+33
Adapter sequence: 'AGATCGGAAGAGC' (Illumina TruSeq, Sanger iPCR; user defined)
Maximum trimming error rate: 0.1 (default)
Minimum required adapter overlap (stringency): 3 bp
Minimum required sequence length for both reads before a sequence pair gets removed: 20 bp
Output file will be GZIP compressed


This is cutadapt 4.1 with Python 3.9.12
Command line parameters: -j 8 -e 0.1 -q 20 -O 3 -a AGATCGGAAGAGC raw/12_R1_001.fastq.gz
Processing single-end reads on 8 cores ...
Finished in 517.95 s (11 µs/read; 5.48 M reads/minute).

=== Summary ===

Total reads processed:              47,348,434
Reads with adapters:                 4,874,633 (10.3%)
Reads written (passing filters):    47,348,434 (100.0%)

Total basepairs processed: 7,102,265,100 bp
Quality-trimmed:              13,995,189 bp (0.2%)
Total written (filtered):  6,993,300,961 bp (98.5%)

=== Adapter 1 ===

Sequence: AGATCGGAAGAGC; Type: regular 3'; Length: 13; Trimmed: 4874633 times

Minimum overlap: 3
No. of allowed errors:
1-9 bp: 0; 10-13 bp: 1

Bases preceding removed adapters:
  A: 23.2%
  C: 29.4%
  G: 28.3%
  T: 17.6%
  none/other: 1.4%

Overview of removed sequences
length	count	expect	max.err	error counts
3	1086988	739819.3	0	1086988
4	350954	184954.8	0	350954
5	172324	46238.7	0	172324
6	124271	11559.7	0	124271
7	111876	2889.9	0	111876
8	101918	722.5	0	101918
9	96732	180.6	0	95524 1208
10	93536	45.2	1	89596 3940
11	95189	11.3	1	91407 3782
12	98563	2.8	1	95088 3475
13	104585	0.7	1	100550 4035
14	109165	0.7	1	104863 4302
15	110838	0.7	1	106537 4301
16	107349	0.7	1	103137 4212
17	98106	0.7	1	94426 3680
18	86180	0.7	1	83456 2724
19	80240	0.7	1	77414 2826
20	73904	0.7	1	71034 2870
21	74979	0.7	1	71930 3049
22	75194	0.7	1	72688 2506
23	79847	0.7	1	76956 2891
24	83653	0.7	1	80535 3118
25	85838	0.7	1	82725 3113
26	80952	0.7	1	78137 2815
27	75968	0.7	1	73010 2958
28	69408	0.7	1	66561 2847
29	60184	0.7	1	57922 2262
30	52896	0.7	1	51061 1835
31	51261	0.7	1	49223 2038
32	53008	0.7	1	50711 2297
33	52616	0.7	1	50626 1990
34	58029	0.7	1	55618 2411
35	56923	0.7	1	54887 2036
36	57103	0.7	1	54942 2161
37	54589	0.7	1	52525 2064
38	47832	0.7	1	46267 1565
39	33426	0.7	1	32358 1068
40	33817	0.7	1	32670 1147
41	30535	0.7	1	29452 1083
42	31663	0.7	1	30338 1325
43	29551	0.7	1	28557 994
44	54458	0.7	1	52650 1808
45	23044	0.7	1	22322 722
46	32759	0.7	1	31939 820
47	11893	0.7	1	11431 462
48	24825	0.7	1	24044 781
49	20093	0.7	1	19376 717
50	18064	0.7	1	17392 672
51	14697	0.7	1	14134 563
52	17390	0.7	1	16784 606
53	20032	0.7	1	19438 594
54	13194	0.7	1	12761 433
55	18354	0.7	1	17847 507
56	24286	0.7	1	23701 585
57	18729	0.7	1	18232 497
58	10292	0.7	1	9973 319
59	4273	0.7	1	4111 162
60	2230	0.7	1	2122 108
61	1248	0.7	1	1147 101
62	1746	0.7	1	1612 134
63	1462	0.7	1	1370 92
64	1063	0.7	1	980 83
65	767	0.7	1	668 99
66	974	0.7	1	840 134
67	1823	0.7	1	1694 129
68	2124	0.7	1	1983 141
69	1788	0.7	1	1640 148
70	1435	0.7	1	1327 108
71	1340	0.7	1	1209 131
72	1195	0.7	1	1085 110
73	1341	0.7	1	1203 138
74	1305	0.7	1	1219 86
75	1411	0.7	1	1311 100
76	1506	0.7	1	1418 88
77	1542	0.7	1	1454 88
78	1320	0.7	1	1237 83
79	1175	0.7	1	1081 94
80	970	0.7	1	895 75
81	853	0.7	1	765 88
82	783	0.7	1	685 98
83	708	0.7	1	602 106
84	619	0.7	1	536 83
85	605	0.7	1	534 71
86	636	0.7	1	568 68
87	646	0.7	1	579 67
88	589	0.7	1	539 50
89	582	0.7	1	504 78
90	540	0.7	1	452 88
91	443	0.7	1	394 49
92	386	0.7	1	317 69
93	404	0.7	1	337 67
94	361	0.7	1	263 98
95	312	0.7	1	240 72
96	280	0.7	1	214 66
97	278	0.7	1	246 32
98	323	0.7	1	270 53
99	286	0.7	1	249 37
100	297	0.7	1	225 72
101	246	0.7	1	186 60
102	228	0.7	1	180 48
103	199	0.7	1	140 59
104	205	0.7	1	156 49
105	197	0.7	1	146 51
106	233	0.7	1	174 59
107	180	0.7	1	124 56
108	202	0.7	1	132 70
109	179	0.7	1	133 46
110	192	0.7	1	136 56
111	203	0.7	1	117 86
112	128	0.7	1	95 33
113	165	0.7	1	105 60
114	150	0.7	1	95 55
115	137	0.7	1	95 42
116	147	0.7	1	95 52
117	144	0.7	1	90 54
118	140	0.7	1	85 55
119	171	0.7	1	112 59
120	143	0.7	1	105 38
121	113	0.7	1	70 43
122	91	0.7	1	62 29
123	114	0.7	1	64 50
124	96	0.7	1	58 38
125	103	0.7	1	56 47
126	148	0.7	1	67 81
127	93	0.7	1	57 36
128	103	0.7	1	66 37
129	81	0.7	1	43 38
130	137	0.7	1	81 56
131	76	0.7	1	39 37
132	83	0.7	1	53 30
133	93	0.7	1	48 45
134	225	0.7	1	167 58
135	97	0.7	1	49 48
136	91	0.7	1	46 45
137	103	0.7	1	64 39
138	141	0.7	1	96 45
139	85	0.7	1	52 33
140	83	0.7	1	49 34
141	223	0.7	1	182 41
142	66	0.7	1	45 21
143	70	0.7	1	38 32
144	53	0.7	1	35 18
145	72	0.7	1	18 54
146	55	0.7	1	23 32
147	356	0.7	1	230 126
148	107	0.7	1	35 72
149	1178	0.7	1	26 1152
150	68639	0.7	1	1272 67367

RUN STATISTICS FOR INPUT FILE: raw/12_R1_001.fastq.gz
=============================================
47348434 sequences processed in total

