
SUMMARISING RUN PARAMETERS
==========================
Input filename: raw/13_R2_001.fastq.gz
Trimming mode: paired-end
Trim Galore version: 0.6.6
Cutadapt version: 4.1
Python version: 3.9.12
Number of cores used for trimming: 8
Quality Phred score cutoff: 20
Quality encoding type selected: ASCII+33
Adapter sequence: 'AGATCGGAAGAGC' (Illumina TruSeq, Sanger iPCR; user defined)
Maximum trimming error rate: 0.1 (default)
Minimum required adapter overlap (stringency): 3 bp
Minimum required sequence length for both reads before a sequence pair gets removed: 20 bp
Output file will be GZIP compressed


This is cutadapt 4.1 with Python 3.9.12
Command line parameters: -j 8 -e 0.1 -q 20 -O 3 -a AGATCGGAAGAGC raw/13_R2_001.fastq.gz
Processing single-end reads on 8 cores ...
Finished in 485.98 s (11 µs/read; 5.47 M reads/minute).

=== Summary ===

Total reads processed:              44,334,847
Reads with adapters:                 4,359,818 (9.8%)
Reads written (passing filters):    44,334,847 (100.0%)

Total basepairs processed: 6,650,227,050 bp
Quality-trimmed:              28,020,382 bp (0.4%)
Total written (filtered):  6,548,081,108 bp (98.5%)

=== Adapter 1 ===

Sequence: AGATCGGAAGAGC; Type: regular 3'; Length: 13; Trimmed: 4359818 times

Minimum overlap: 3
No. of allowed errors:
1-9 bp: 0; 10-13 bp: 1

Bases preceding removed adapters:
  A: 23.6%
  C: 29.1%
  G: 29.0%
  T: 18.2%
  none/other: 0.1%

Overview of removed sequences
length	count	expect	max.err	error counts
3	997308	692732.0	0	997308
4	316350	173183.0	0	316350
5	151251	43295.7	0	151251
6	110745	10823.9	0	110745
7	100385	2706.0	0	100385
8	91927	676.5	0	91927
9	88623	169.1	0	87187 1436
10	86819	42.3	1	83083 3736
11	87550	10.6	1	83747 3803
12	95207	2.6	1	91178 4029
13	90441	0.7	1	87487 2954
14	100133	0.7	1	95656 4477
15	101441	0.7	1	97095 4346
16	89990	0.7	1	86201 3789
17	88664	0.7	1	84481 4183
18	78909	0.7	1	75475 3434
19	164783	0.7	1	157905 6878
20	33504	0.7	1	31457 2047
21	23038	0.7	1	21819 1219
22	61272	0.7	1	58742 2530
23	72827	0.7	1	69737 3090
24	143126	0.7	1	136946 6180
25	40776	0.7	1	38472 2304
26	71738	0.7	1	68900 2838
27	134393	0.7	1	129579 4814
28	43317	0.7	1	41635 1682
29	63840	0.7	1	61707 2133
30	62542	0.7	1	60674 1868
31	13298	0.7	1	12467 831
32	89494	0.7	1	86822 2672
33	74223	0.7	1	72297 1926
34	61902	0.7	1	60264 1638
35	27278	0.7	1	26354 924
36	71367	0.7	1	69529 1838
37	13118	0.7	1	12442 676
38	90016	0.7	1	88116 1900
39	10937	0.7	1	10465 472
40	32621	0.7	1	31718 903
41	7271	0.7	1	6874 397
42	11335	0.7	1	10868 467
43	31017	0.7	1	30174 843
44	9962	0.7	1	9467 495
45	44895	0.7	1	43670 1225
46	5014	0.7	1	4693 321
47	12492	0.7	1	11973 519
48	20661	0.7	1	20091 570
49	6636	0.7	1	6328 308
50	11387	0.7	1	10954 433
51	9439	0.7	1	9097 342
52	11280	0.7	1	10908 372
53	1309	0.7	1	1142 167
54	8635	0.7	1	8327 308
55	11381	0.7	1	10986 395
56	5042	0.7	1	4813 229
57	11513	0.7	1	11113 400
58	8844	0.7	1	8506 338
59	2424	0.7	1	2261 163
60	2287	0.7	1	2134 153
61	2037	0.7	1	1871 166
62	5315	0.7	1	5098 217
63	970	0.7	1	864 106
64	3329	0.7	1	3157 172
65	1222	0.7	1	1069 153
66	2153	0.7	1	2006 147
67	3128	0.7	1	2985 143
68	1390	0.7	1	1226 164
69	816	0.7	1	722 94
70	2261	0.7	1	2135 126
71	651	0.7	1	574 77
72	1081	0.7	1	945 136
73	1620	0.7	1	1484 136
74	1657	0.7	1	1540 117
75	1133	0.7	1	1027 106
76	423	0.7	1	298 125
77	496	0.7	1	405 91
78	762	0.7	1	678 84
79	768	0.7	1	679 89
80	786	0.7	1	667 119
81	759	0.7	1	660 99
82	652	0.7	1	537 115
83	656	0.7	1	556 100
84	557	0.7	1	490 67
85	524	0.7	1	442 82
86	537	0.7	1	477 60
87	609	0.7	1	518 91
88	548	0.7	1	475 73
89	544	0.7	1	456 88
90	519	0.7	1	434 85
91	431	0.7	1	369 62
92	420	0.7	1	334 86
93	351	0.7	1	300 51
94	380	0.7	1	270 110
95	348	0.7	1	265 83
96	351	0.7	1	262 89
97	334	0.7	1	264 70
98	327	0.7	1	252 75
99	295	0.7	1	261 34
100	327	0.7	1	237 90
101	272	0.7	1	221 51
102	243	0.7	1	177 66
103	237	0.7	1	177 60
104	228	0.7	1	184 44
105	223	0.7	1	176 47
106	205	0.7	1	150 55
107	214	0.7	1	149 65
108	192	0.7	1	140 52
109	201	0.7	1	153 48
110	229	0.7	1	174 55
111	210	0.7	1	142 68
112	160	0.7	1	115 45
113	184	0.7	1	133 51
114	167	0.7	1	128 39
115	181	0.7	1	145 36
116	170	0.7	1	126 44
117	168	0.7	1	104 64
118	165	0.7	1	121 44
119	224	0.7	1	138 86
120	154	0.7	1	81 73
121	191	0.7	1	116 75
122	191	0.7	1	99 92
123	173	0.7	1	77 96
124	139	0.7	1	73 66
125	114	0.7	1	68 46
126	150	0.7	1	71 79
127	111	0.7	1	64 47
128	123	0.7	1	73 50
129	73	0.7	1	46 27
130	84	0.7	1	62 22
131	94	0.7	1	55 39
132	97	0.7	1	61 36
133	92	0.7	1	38 54
134	289	0.7	1	242 47
135	117	0.7	1	67 50
136	85	0.7	1	44 41
137	106	0.7	1	80 26
138	115	0.7	1	94 21
139	72	0.7	1	45 27
140	78	0.7	1	38 40
141	280	0.7	1	247 33
142	93	0.7	1	59 34
143	71	0.7	1	47 24
144	57	0.7	1	29 28
145	56	0.7	1	32 24
146	58	0.7	1	36 22
147	152	0.7	1	31 121
148	102	0.7	1	37 65
149	109	0.7	1	47 62
150	2875	0.7	1	2279 596

RUN STATISTICS FOR INPUT FILE: raw/13_R2_001.fastq.gz
=============================================
44334847 sequences processed in total

Total number of sequences analysed for the sequence pair length validation: 44334847

Number of sequence pairs removed because at least one read was shorter than the length cutoff (20 bp): 133208 (0.30%)
