
SUMMARISING RUN PARAMETERS
==========================
Input filename: raw/14_R2_001.fastq.gz
Trimming mode: paired-end
Trim Galore version: 0.6.6
Cutadapt version: 4.1
Python version: 3.9.12
Number of cores used for trimming: 8
Quality Phred score cutoff: 20
Quality encoding type selected: ASCII+33
Adapter sequence: 'AGATCGGAAGAGC' (Illumina TruSeq, Sanger iPCR; user defined)
Maximum trimming error rate: 0.1 (default)
Minimum required adapter overlap (stringency): 3 bp
Minimum required sequence length for both reads before a sequence pair gets removed: 20 bp
Output file will be GZIP compressed


This is cutadapt 4.1 with Python 3.9.12
Command line parameters: -j 8 -e 0.1 -q 20 -O 3 -a AGATCGGAAGAGC raw/14_R2_001.fastq.gz
Processing single-end reads on 8 cores ...
Finished in 444.85 s (11 µs/read; 5.39 M reads/minute).

=== Summary ===

Total reads processed:              39,939,541
Reads with adapters:                 5,252,003 (13.1%)
Reads written (passing filters):    39,939,541 (100.0%)

Total basepairs processed: 5,990,931,150 bp
Quality-trimmed:              28,592,172 bp (0.5%)
Total written (filtered):  5,866,138,890 bp (97.9%)

=== Adapter 1 ===

Sequence: AGATCGGAAGAGC; Type: regular 3'; Length: 13; Trimmed: 5252003 times

Minimum overlap: 3
No. of allowed errors:
1-9 bp: 0; 10-13 bp: 1

Bases preceding removed adapters:
  A: 23.0%
  C: 30.1%
  G: 28.2%
  T: 18.6%
  none/other: 0.1%

Overview of removed sequences
length	count	expect	max.err	error counts
3	923203	624055.3	0	923203
4	330960	156013.8	0	330960
5	176652	39003.5	0	176652
6	140774	9750.9	0	140774
7	129241	2437.7	0	129241
8	120500	609.4	0	120500
9	114904	152.4	0	113868 1036
10	112156	38.1	1	107451 4705
11	112145	9.5	1	107350 4795
12	122983	2.4	1	117798 5185
13	113438	0.6	1	109820 3618
14	127290	0.6	1	121530 5760
15	130266	0.6	1	124629 5637
16	118703	0.6	1	113633 5070
17	118518	0.6	1	112842 5676
18	105388	0.6	1	100826 4562
19	218725	0.6	1	209134 9591
20	43942	0.6	1	41535 2407
21	32106	0.6	1	30614 1492
22	79643	0.6	1	76348 3295
23	95225	0.6	1	91243 3982
24	184340	0.6	1	175689 8651
25	54050	0.6	1	51148 2902
26	97394	0.6	1	93545 3849
27	177653	0.6	1	171040 6613
28	57564	0.6	1	55201 2363
29	95058	0.6	1	91866 3192
30	87180	0.6	1	84389 2791
31	16128	0.6	1	15150 978
32	148584	0.6	1	144097 4487
33	73975	0.6	1	71881 2094
34	31749	0.6	1	30452 1297
35	67441	0.6	1	65312 2129
36	60112	0.6	1	58103 2009
37	116354	0.6	1	113318 3036
38	4688	0.6	1	4268 420
39	30187	0.6	1	29175 1012
40	112892	0.6	1	110261 2631
41	7032	0.6	1	6551 481
42	31938	0.6	1	30846 1092
43	63373	0.6	1	61891 1482
44	10557	0.6	1	9975 582
45	62107	0.6	1	60433 1674
46	5205	0.6	1	4855 350
47	15062	0.6	1	14380 682
48	23787	0.6	1	23100 687
49	5364	0.6	1	5065 299
50	12969	0.6	1	12469 500
51	10081	0.6	1	9676 405
52	11514	0.6	1	11059 455
53	1146	0.6	1	978 168
54	9588	0.6	1	9223 365
55	11975	0.6	1	11582 393
56	4697	0.6	1	4423 274
57	14583	0.6	1	14097 486
58	7820	0.6	1	7482 338
59	2576	0.6	1	2390 186
60	1761	0.6	1	1628 133
61	2274	0.6	1	2096 178
62	7238	0.6	1	6937 301
63	740	0.6	1	645 95
64	3558	0.6	1	3382 176
65	1201	0.6	1	1095 106
66	2185	0.6	1	2036 149
67	3466	0.6	1	3287 179
68	1714	0.6	1	1606 108
69	1052	0.6	1	924 128
70	2556	0.6	1	2407 149
71	959	0.6	1	840 119
72	1149	0.6	1	1040 109
73	1834	0.6	1	1687 147
74	2164	0.6	1	2034 130
75	1735	0.6	1	1639 96
76	566	0.6	1	508 58
77	499	0.6	1	451 48
78	785	0.6	1	716 69
79	962	0.6	1	888 74
80	885	0.6	1	832 53
81	824	0.6	1	752 72
82	741	0.6	1	652 89
83	672	0.6	1	595 77
84	625	0.6	1	561 64
85	663	0.6	1	599 64
86	659	0.6	1	586 73
87	645	0.6	1	600 45
88	620	0.6	1	556 64
89	594	0.6	1	522 72
90	546	0.6	1	472 74
91	444	0.6	1	377 67
92	428	0.6	1	357 71
93	399	0.6	1	342 57
94	384	0.6	1	297 87
95	341	0.6	1	288 53
96	313	0.6	1	252 61
97	268	0.6	1	229 39
98	330	0.6	1	276 54
99	276	0.6	1	229 47
100	286	0.6	1	228 58
101	219	0.6	1	189 30
102	255	0.6	1	223 32
103	214	0.6	1	166 48
104	174	0.6	1	140 34
105	184	0.6	1	146 38
106	161	0.6	1	121 40
107	175	0.6	1	138 37
108	217	0.6	1	162 55
109	195	0.6	1	144 51
110	155	0.6	1	114 41
111	151	0.6	1	113 38
112	139	0.6	1	115 24
113	133	0.6	1	91 42
114	144	0.6	1	101 43
115	122	0.6	1	87 35
116	101	0.6	1	77 24
117	144	0.6	1	89 55
118	149	0.6	1	92 57
119	167	0.6	1	117 50
120	118	0.6	1	84 34
121	150	0.6	1	78 72
122	102	0.6	1	69 33
123	108	0.6	1	73 35
124	90	0.6	1	52 38
125	75	0.6	1	50 25
126	111	0.6	1	45 66
127	80	0.6	1	32 48
128	67	0.6	1	37 30
129	65	0.6	1	48 17
130	71	0.6	1	49 22
131	35	0.6	1	19 16
132	72	0.6	1	45 27
133	48	0.6	1	31 17
134	363	0.6	1	329 34
135	106	0.6	1	71 35
136	58	0.6	1	28 30
137	122	0.6	1	83 39
138	134	0.6	1	115 19
139	64	0.6	1	39 25
140	56	0.6	1	31 25
141	400	0.6	1	379 21
142	56	0.6	1	37 19
143	55	0.6	1	43 12
144	47	0.6	1	30 17
145	44	0.6	1	19 25
146	31	0.6	1	18 13
147	88	0.6	1	28 60
148	65	0.6	1	31 34
149	106	0.6	1	46 60
150	2991	0.6	1	2383 608

RUN STATISTICS FOR INPUT FILE: raw/14_R2_001.fastq.gz
=============================================
39939541 sequences processed in total

Total number of sequences analysed for the sequence pair length validation: 39939541

Number of sequence pairs removed because at least one read was shorter than the length cutoff (20 bp): 152663 (0.38%)
