
SUMMARISING RUN PARAMETERS
==========================
Input filename: raw/15_R1_001.fastq.gz
Trimming mode: paired-end
Trim Galore version: 0.6.6
Cutadapt version: 4.1
Python version: 3.9.12
Number of cores used for trimming: 8
Quality Phred score cutoff: 20
Quality encoding type selected: ASCII+33
Adapter sequence: 'AGATCGGAAGAGC' (Illumina TruSeq, Sanger iPCR; user defined)
Maximum trimming error rate: 0.1 (default)
Minimum required adapter overlap (stringency): 3 bp
Minimum required sequence length for both reads before a sequence pair gets removed: 20 bp
Output file will be GZIP compressed


This is cutadapt 4.1 with Python 3.9.12
Command line parameters: -j 8 -e 0.1 -q 20 -O 3 -a AGATCGGAAGAGC raw/15_R1_001.fastq.gz
Processing single-end reads on 8 cores ...
Finished in 484.72 s (11 µs/read; 5.39 M reads/minute).

=== Summary ===

Total reads processed:              43,576,022
Reads with adapters:                 4,514,582 (10.4%)
Reads written (passing filters):    43,576,022 (100.0%)

Total basepairs processed: 6,536,403,300 bp
Quality-trimmed:              12,449,739 bp (0.2%)
Total written (filtered):  6,433,722,435 bp (98.4%)

=== Adapter 1 ===

Sequence: AGATCGGAAGAGC; Type: regular 3'; Length: 13; Trimmed: 4514582 times

Minimum overlap: 3
No. of allowed errors:
1-9 bp: 0; 10-13 bp: 1

Bases preceding removed adapters:
  A: 23.6%
  C: 27.9%
  G: 29.1%
  T: 17.7%
  none/other: 1.7%

Overview of removed sequences
length	count	expect	max.err	error counts
3	1016842	680875.3	0	1016842
4	320613	170218.8	0	320613
5	157230	42554.7	0	157230
6	113531	10638.7	0	113531
7	100810	2659.7	0	100810
8	92302	664.9	0	92302
9	87979	166.2	0	86779 1200
10	85894	41.6	1	82473 3421
11	87589	10.4	1	84381 3208
12	91021	2.6	1	88097 2924
13	96830	0.6	1	93669 3161
14	100767	0.6	1	97386 3381
15	100990	0.6	1	97375 3615
16	96153	0.6	1	92927 3226
17	88593	0.6	1	85546 3047
18	76841	0.6	1	74740 2101
19	71977	0.6	1	69725 2252
20	68817	0.6	1	66251 2566
21	69297	0.6	1	66758 2539
22	71225	0.6	1	69061 2164
23	73933	0.6	1	71602 2331
24	77190	0.6	1	74681 2509
25	78731	0.6	1	76120 2611
26	74094	0.6	1	71832 2262
27	69093	0.6	1	66668 2425
28	61696	0.6	1	59349 2347
29	54369	0.6	1	52577 1792
30	48877	0.6	1	47431 1446
31	47938	0.6	1	46254 1684
32	50102	0.6	1	48190 1912
33	49924	0.6	1	48246 1678
34	52959	0.6	1	51056 1903
35	52189	0.6	1	50606 1583
36	51206	0.6	1	49669 1537
37	47707	0.6	1	46055 1652
38	40565	0.6	1	39454 1111
39	36742	0.6	1	35369 1373
40	31863	0.6	1	30976 887
41	28764	0.6	1	27807 957
42	29107	0.6	1	28193 914
43	29468	0.6	1	28383 1085
44	44100	0.6	1	42906 1194
45	25104	0.6	1	24440 664
46	25691	0.6	1	25115 576
47	18522	0.6	1	18016 506
48	22121	0.6	1	21510 611
49	18853	0.6	1	18245 608
50	16095	0.6	1	15554 541
51	13949	0.6	1	13486 463
52	13405	0.6	1	12959 446
53	13397	0.6	1	12957 440
54	13340	0.6	1	12921 419
55	13243	0.6	1	12812 431
56	13224	0.6	1	12846 378
57	12033	0.6	1	11665 368
58	10516	0.6	1	10169 347
59	8540	0.6	1	8292 248
60	6690	0.6	1	6500 190
61	5076	0.6	1	4917 159
62	4836	0.6	1	4688 148
63	4851	0.6	1	4685 166
64	4579	0.6	1	4461 118
65	3611	0.6	1	3466 145
66	3578	0.6	1	3441 137
67	3498	0.6	1	3364 134
68	3145	0.6	1	3034 111
69	2672	0.6	1	2554 118
70	2116	0.6	1	1990 126
71	1888	0.6	1	1771 117
72	1625	0.6	1	1488 137
73	1525	0.6	1	1390 135
74	1441	0.6	1	1347 94
75	1468	0.6	1	1368 100
76	1481	0.6	1	1354 127
77	1479	0.6	1	1405 74
78	1356	0.6	1	1258 98
79	1094	0.6	1	1013 81
80	935	0.6	1	837 98
81	864	0.6	1	776 88
82	721	0.6	1	619 102
83	701	0.6	1	616 85
84	632	0.6	1	565 67
85	584	0.6	1	529 55
86	574	0.6	1	507 67
87	590	0.6	1	521 69
88	530	0.6	1	487 43
89	550	0.6	1	481 69
90	528	0.6	1	434 94
91	444	0.6	1	390 54
92	398	0.6	1	319 79
93	349	0.6	1	288 61
94	383	0.6	1	284 99
95	349	0.6	1	274 75
96	276	0.6	1	214 62
97	292	0.6	1	253 39
98	303	0.6	1	255 48
99	304	0.6	1	249 55
100	288	0.6	1	214 74
101	237	0.6	1	187 50
102	216	0.6	1	175 41
103	210	0.6	1	129 81
104	171	0.6	1	133 38
105	159	0.6	1	123 36
106	169	0.6	1	123 46
107	181	0.6	1	131 50
108	174	0.6	1	124 50
109	186	0.6	1	133 53
110	164	0.6	1	116 48
111	172	0.6	1	97 75
112	143	0.6	1	92 51
113	155	0.6	1	104 51
114	142	0.6	1	92 50
115	139	0.6	1	86 53
116	127	0.6	1	86 41
117	140	0.6	1	86 54
118	144	0.6	1	95 49
119	139	0.6	1	84 55
120	111	0.6	1	61 50
121	108	0.6	1	51 57
122	110	0.6	1	53 57
123	111	0.6	1	52 59
124	95	0.6	1	44 51
125	76	0.6	1	43 33
126	152	0.6	1	60 92
127	124	0.6	1	56 68
128	102	0.6	1	51 51
129	92	0.6	1	58 34
130	113	0.6	1	73 40
131	398	0.6	1	358 40
132	96	0.6	1	79 17
133	68	0.6	1	36 32
134	198	0.6	1	150 48
135	101	0.6	1	56 45
136	90	0.6	1	43 47
137	89	0.6	1	42 47
138	136	0.6	1	95 41
139	78	0.6	1	42 36
140	68	0.6	1	32 36
141	178	0.6	1	152 26
142	93	0.6	1	50 43
143	79	0.6	1	36 43
144	66	0.6	1	39 27
145	69	0.6	1	23 46
146	77	0.6	1	36 41
147	222	0.6	1	57 165
148	116	0.6	1	32 84
149	1200	0.6	1	26 1174
150	74243	0.6	1	980 73263

RUN STATISTICS FOR INPUT FILE: raw/15_R1_001.fastq.gz
=============================================
43576022 sequences processed in total

