
SUMMARISING RUN PARAMETERS
==========================
Input filename: raw/15_R2_001.fastq.gz
Trimming mode: paired-end
Trim Galore version: 0.6.6
Cutadapt version: 4.1
Python version: 3.9.12
Number of cores used for trimming: 8
Quality Phred score cutoff: 20
Quality encoding type selected: ASCII+33
Adapter sequence: 'AGATCGGAAGAGC' (Illumina TruSeq, Sanger iPCR; user defined)
Maximum trimming error rate: 0.1 (default)
Minimum required adapter overlap (stringency): 3 bp
Minimum required sequence length for both reads before a sequence pair gets removed: 20 bp
Output file will be GZIP compressed


This is cutadapt 4.1 with Python 3.9.12
Command line parameters: -j 8 -e 0.1 -q 20 -O 3 -a AGATCGGAAGAGC raw/15_R2_001.fastq.gz
Processing single-end reads on 8 cores ...
Finished in 487.77 s (11 µs/read; 5.36 M reads/minute).

=== Summary ===

Total reads processed:              43,576,022
Reads with adapters:                 4,409,731 (10.1%)
Reads written (passing filters):    43,576,022 (100.0%)

Total basepairs processed: 6,536,403,300 bp
Quality-trimmed:              22,652,135 bp (0.3%)
Total written (filtered):  6,437,226,293 bp (98.5%)

=== Adapter 1 ===

Sequence: AGATCGGAAGAGC; Type: regular 3'; Length: 13; Trimmed: 4409731 times

Minimum overlap: 3
No. of allowed errors:
1-9 bp: 0; 10-13 bp: 1

Bases preceding removed adapters:
  A: 23.7%
  C: 28.4%
  G: 29.7%
  T: 18.2%
  none/other: 0.1%

Overview of removed sequences
length	count	expect	max.err	error counts
3	990596	680875.3	0	990596
4	316528	170218.8	0	316528
5	156524	42554.7	0	156524
6	113593	10638.7	0	113593
7	100586	2659.7	0	100586
8	92722	664.9	0	92722
9	87625	166.2	0	86405 1220
10	87586	41.6	1	83247 4339
11	88064	10.4	1	83904 4160
12	97588	2.6	1	93071 4517
13	91948	0.6	1	88296 3652
14	102693	0.6	1	97495 5198
15	102708	0.6	1	97827 4881
16	92873	0.6	1	88552 4321
17	89689	0.6	1	85007 4682
18	79804	0.6	1	75830 3974
19	153727	0.6	1	146411 7316
20	46034	0.6	1	43370 2664
21	25683	0.6	1	24250 1433
22	61155	0.6	1	58164 2991
23	74204	0.6	1	70751 3453
24	126048	0.6	1	119833 6215
25	44187	0.6	1	41691 2496
26	74117	0.6	1	70740 3377
27	129519	0.6	1	124011 5508
28	34861	0.6	1	33058 1803
29	70920	0.6	1	68228 2692
30	49426	0.6	1	47536 1890
31	21115	0.6	1	20061 1054
32	49362	0.6	1	47196 2166
33	94950	0.6	1	91703 3247
34	48445	0.6	1	46534 1911
35	24242	0.6	1	23159 1083
36	52214	0.6	1	50215 1999
37	35761	0.6	1	34315 1446
38	62839	0.6	1	60741 2098
39	20361	0.6	1	19432 929
40	47540	0.6	1	45968 1572
41	53007	0.6	1	51331 1676
42	5458	0.6	1	5071 387
43	40872	0.6	1	39482 1390
44	11401	0.6	1	10802 599
45	58944	0.6	1	57178 1766
46	6520	0.6	1	6106 414
47	15891	0.6	1	15247 644
48	23060	0.6	1	22293 767
49	7923	0.6	1	7506 417
50	12037	0.6	1	11516 521
51	11550	0.6	1	11068 482
52	14433	0.6	1	13902 531
53	1996	0.6	1	1778 218
54	10526	0.6	1	10142 384
55	11744	0.6	1	11305 439
56	6198	0.6	1	5898 300
57	13715	0.6	1	13203 512
58	9779	0.6	1	9375 404
59	2565	0.6	1	2376 189
60	2846	0.6	1	2663 183
61	2067	0.6	1	1904 163
62	5286	0.6	1	4982 304
63	1197	0.6	1	1089 108
64	3318	0.6	1	3119 199
65	1463	0.6	1	1299 164
66	2245	0.6	1	2090 155
67	3401	0.6	1	3185 216
68	1617	0.6	1	1494 123
69	870	0.6	1	736 134
70	2338	0.6	1	2181 157
71	627	0.6	1	497 130
72	1261	0.6	1	1130 131
73	1833	0.6	1	1669 164
74	1679	0.6	1	1562 117
75	928	0.6	1	834 94
76	392	0.6	1	294 98
77	555	0.6	1	472 83
78	844	0.6	1	761 83
79	833	0.6	1	732 101
80	791	0.6	1	700 91
81	755	0.6	1	668 87
82	700	0.6	1	582 118
83	674	0.6	1	572 102
84	627	0.6	1	531 96
85	574	0.6	1	503 71
86	562	0.6	1	491 71
87	600	0.6	1	516 84
88	565	0.6	1	487 78
89	548	0.6	1	477 71
90	563	0.6	1	452 111
91	458	0.6	1	382 76
92	393	0.6	1	325 68
93	387	0.6	1	321 66
94	386	0.6	1	283 103
95	362	0.6	1	287 75
96	313	0.6	1	259 54
97	310	0.6	1	260 50
98	319	0.6	1	261 58
99	303	0.6	1	256 47
100	308	0.6	1	233 75
101	269	0.6	1	202 67
102	258	0.6	1	208 50
103	215	0.6	1	163 52
104	193	0.6	1	151 42
105	183	0.6	1	135 48
106	182	0.6	1	133 49
107	192	0.6	1	139 53
108	210	0.6	1	146 64
109	226	0.6	1	153 73
110	204	0.6	1	150 54
111	199	0.6	1	117 82
112	153	0.6	1	116 37
113	186	0.6	1	117 69
114	149	0.6	1	103 46
115	131	0.6	1	91 40
116	145	0.6	1	105 40
117	176	0.6	1	98 78
118	142	0.6	1	99 43
119	126	0.6	1	82 44
120	135	0.6	1	82 53
121	112	0.6	1	51 61
122	106	0.6	1	57 49
123	122	0.6	1	59 63
124	113	0.6	1	52 61
125	93	0.6	1	53 40
126	150	0.6	1	63 87
127	128	0.6	1	66 62
128	93	0.6	1	53 40
129	83	0.6	1	57 26
130	128	0.6	1	79 49
131	388	0.6	1	324 64
132	97	0.6	1	74 23
133	94	0.6	1	29 65
134	187	0.6	1	146 41
135	87	0.6	1	54 33
136	89	0.6	1	42 47
137	99	0.6	1	43 56
138	132	0.6	1	98 34
139	58	0.6	1	39 19
140	65	0.6	1	32 33
141	172	0.6	1	151 21
142	80	0.6	1	50 30
143	58	0.6	1	35 23
144	61	0.6	1	41 20
145	61	0.6	1	21 40
146	57	0.6	1	34 23
147	202	0.6	1	55 147
148	94	0.6	1	35 59
149	69	0.6	1	25 44
150	1225	0.6	1	969 256

RUN STATISTICS FOR INPUT FILE: raw/15_R2_001.fastq.gz
=============================================
43576022 sequences processed in total

Total number of sequences analysed for the sequence pair length validation: 43576022

Number of sequence pairs removed because at least one read was shorter than the length cutoff (20 bp): 87677 (0.20%)
