
SUMMARISING RUN PARAMETERS
==========================
Input filename: raw/16_R1_001.fastq.gz
Trimming mode: paired-end
Trim Galore version: 0.6.6
Cutadapt version: 4.1
Python version: 3.9.12
Number of cores used for trimming: 8
Quality Phred score cutoff: 20
Quality encoding type selected: ASCII+33
Adapter sequence: 'AGATCGGAAGAGC' (Illumina TruSeq, Sanger iPCR; user defined)
Maximum trimming error rate: 0.1 (default)
Minimum required adapter overlap (stringency): 3 bp
Minimum required sequence length for both reads before a sequence pair gets removed: 20 bp
Output file will be GZIP compressed


This is cutadapt 4.1 with Python 3.9.12
Command line parameters: -j 8 -e 0.1 -q 20 -O 3 -a AGATCGGAAGAGC raw/16_R1_001.fastq.gz
Processing single-end reads on 8 cores ...
Finished in 488.53 s (11 µs/read; 5.45 M reads/minute).

=== Summary ===

Total reads processed:              44,367,400
Reads with adapters:                 5,007,706 (11.3%)
Reads written (passing filters):    44,367,400 (100.0%)

Total basepairs processed: 6,655,110,000 bp
Quality-trimmed:              16,849,276 bp (0.3%)
Total written (filtered):  6,528,223,835 bp (98.1%)

=== Adapter 1 ===

Sequence: AGATCGGAAGAGC; Type: regular 3'; Length: 13; Trimmed: 5007706 times

Minimum overlap: 3
No. of allowed errors:
1-9 bp: 0; 10-13 bp: 1

Bases preceding removed adapters:
  A: 23.6%
  C: 28.2%
  G: 27.1%
  T: 17.9%
  none/other: 3.2%

Overview of removed sequences
length	count	expect	max.err	error counts
3	1087733	693240.6	0	1087733
4	340538	173310.2	0	340538
5	166000	43327.5	0	166000
6	124828	10831.9	0	124828
7	113491	2708.0	0	113491
8	104833	677.0	0	104833
9	101044	169.2	0	99619 1425
10	95948	42.3	1	92284 3664
11	98064	10.6	1	94215 3849
12	99696	2.6	1	96380 3316
13	105089	0.7	1	101506 3583
14	108901	0.7	1	104900 4001
15	109460	0.7	1	105615 3845
16	105367	0.7	1	101459 3908
17	98777	0.7	1	95250 3527
18	87515	0.7	1	85149 2366
19	82310	0.7	1	79700 2610
20	77622	0.7	1	74799 2823
21	76912	0.7	1	74218 2694
22	77727	0.7	1	75487 2240
23	80133	0.7	1	77492 2641
24	84074	0.7	1	81095 2979
25	85915	0.7	1	83026 2889
26	81437	0.7	1	78907 2530
27	76948	0.7	1	74231 2717
28	71863	0.7	1	69020 2843
29	62008	0.7	1	59859 2149
30	55054	0.7	1	53339 1715
31	53012	0.7	1	51116 1896
32	54476	0.7	1	52373 2103
33	53824	0.7	1	51923 1901
34	57833	0.7	1	55746 2087
35	59308	0.7	1	57265 2043
36	56391	0.7	1	54653 1738
37	53927	0.7	1	52059 1868
38	45776	0.7	1	44608 1168
39	39903	0.7	1	38713 1190
40	36141	0.7	1	35009 1132
41	32544	0.7	1	31476 1068
42	30752	0.7	1	29616 1136
43	34108	0.7	1	32380 1728
44	51194	0.7	1	49844 1350
45	27583	0.7	1	26832 751
46	24287	0.7	1	23658 629
47	18156	0.7	1	17611 545
48	24826	0.7	1	24107 719
49	21103	0.7	1	20442 661
50	18509	0.7	1	17877 632
51	15559	0.7	1	14996 563
52	17004	0.7	1	16402 602
53	19720	0.7	1	19094 626
54	14037	0.7	1	13615 422
55	18569	0.7	1	18090 479
56	24364	0.7	1	23841 523
57	19807	0.7	1	19392 415
58	11967	0.7	1	11700 267
59	5246	0.7	1	5077 169
60	2805	0.7	1	2680 125
61	1656	0.7	1	1540 116
62	1937	0.7	1	1833 104
63	1752	0.7	1	1675 77
64	1339	0.7	1	1229 110
65	877	0.7	1	803 74
66	946	0.7	1	870 76
67	1575	0.7	1	1501 74
68	2053	0.7	1	1952 101
69	1938	0.7	1	1850 88
70	1712	0.7	1	1606 106
71	1424	0.7	1	1347 77
72	1419	0.7	1	1322 97
73	1425	0.7	1	1337 88
74	1438	0.7	1	1342 96
75	1543	0.7	1	1453 90
76	1528	0.7	1	1445 83
77	1514	0.7	1	1403 111
78	1486	0.7	1	1390 96
79	1234	0.7	1	1150 84
80	1036	0.7	1	974 62
81	847	0.7	1	777 70
82	799	0.7	1	722 77
83	694	0.7	1	623 71
84	671	0.7	1	595 76
85	607	0.7	1	549 58
86	637	0.7	1	574 63
87	633	0.7	1	580 53
88	630	0.7	1	576 54
89	616	0.7	1	558 58
90	508	0.7	1	417 91
91	485	0.7	1	402 83
92	440	0.7	1	366 74
93	388	0.7	1	341 47
94	378	0.7	1	296 82
95	341	0.7	1	273 68
96	287	0.7	1	248 39
97	329	0.7	1	284 45
98	348	0.7	1	287 61
99	344	0.7	1	302 42
100	287	0.7	1	238 49
101	283	0.7	1	228 55
102	252	0.7	1	195 57
103	243	0.7	1	205 38
104	217	0.7	1	167 50
105	203	0.7	1	164 39
106	250	0.7	1	192 58
107	242	0.7	1	183 59
108	192	0.7	1	160 32
109	221	0.7	1	174 47
110	190	0.7	1	152 38
111	194	0.7	1	131 63
112	161	0.7	1	128 33
113	185	0.7	1	129 56
114	153	0.7	1	108 45
115	143	0.7	1	109 34
116	180	0.7	1	139 41
117	158	0.7	1	105 53
118	158	0.7	1	127 31
119	143	0.7	1	109 34
120	152	0.7	1	116 36
121	95	0.7	1	77 18
122	138	0.7	1	104 34
123	105	0.7	1	70 35
124	119	0.7	1	80 39
125	130	0.7	1	95 35
126	140	0.7	1	65 75
127	85	0.7	1	51 34
128	86	0.7	1	70 16
129	93	0.7	1	74 19
130	118	0.7	1	101 17
131	79	0.7	1	52 27
132	91	0.7	1	71 20
133	67	0.7	1	36 31
134	395	0.7	1	364 31
135	98	0.7	1	76 22
136	81	0.7	1	55 26
137	117	0.7	1	86 31
138	127	0.7	1	99 28
139	85	0.7	1	60 25
140	72	0.7	1	43 29
141	481	0.7	1	449 32
142	92	0.7	1	70 22
143	80	0.7	1	62 18
144	68	0.7	1	53 15
145	60	0.7	1	28 32
146	74	0.7	1	44 30
147	137	0.7	1	27 110
148	141	0.7	1	48 93
149	2351	0.7	1	40 2311
150	155862	0.7	1	2432 153430

RUN STATISTICS FOR INPUT FILE: raw/16_R1_001.fastq.gz
=============================================
44367400 sequences processed in total

