
SUMMARISING RUN PARAMETERS
==========================
Input filename: raw/16_R2_001.fastq.gz
Trimming mode: paired-end
Trim Galore version: 0.6.6
Cutadapt version: 4.1
Python version: 3.9.12
Number of cores used for trimming: 8
Quality Phred score cutoff: 20
Quality encoding type selected: ASCII+33
Adapter sequence: 'AGATCGGAAGAGC' (Illumina TruSeq, Sanger iPCR; user defined)
Maximum trimming error rate: 0.1 (default)
Minimum required adapter overlap (stringency): 3 bp
Minimum required sequence length for both reads before a sequence pair gets removed: 20 bp
Output file will be GZIP compressed


This is cutadapt 4.1 with Python 3.9.12
Command line parameters: -j 8 -e 0.1 -q 20 -O 3 -a AGATCGGAAGAGC raw/16_R2_001.fastq.gz
Processing single-end reads on 8 cores ...
Finished in 494.85 s (11 µs/read; 5.38 M reads/minute).

=== Summary ===

Total reads processed:              44,367,400
Reads with adapters:                 4,796,829 (10.8%)
Reads written (passing filters):    44,367,400 (100.0%)

Total basepairs processed: 6,655,110,000 bp
Quality-trimmed:              34,139,183 bp (0.5%)
Total written (filtered):  6,541,235,228 bp (98.3%)

=== Adapter 1 ===

Sequence: AGATCGGAAGAGC; Type: regular 3'; Length: 13; Trimmed: 4796829 times

Minimum overlap: 3
No. of allowed errors:
1-9 bp: 0; 10-13 bp: 1

Bases preceding removed adapters:
  A: 23.8%
  C: 29.3%
  G: 28.0%
  T: 18.8%
  none/other: 0.1%

Overview of removed sequences
length	count	expect	max.err	error counts
3	1043272	693240.6	0	1043272
4	333895	173310.2	0	333895
5	164794	43327.5	0	164794
6	124889	10831.9	0	124889
7	113562	2708.0	0	113562
8	105549	677.0	0	105549
9	100777	169.2	0	99431 1346
10	98084	42.3	1	93540 4544
11	98604	10.6	1	93996 4608
12	108166	2.6	1	103272 4894
13	98988	0.7	1	95757 3231
14	110599	0.7	1	105191 5408
15	112859	0.7	1	107695 5164
16	100698	0.7	1	96362 4336
17	100565	0.7	1	95465 5100
18	90540	0.7	1	86514 4026
19	186466	0.7	1	177694 8772
20	41428	0.7	1	39124 2304
21	26909	0.7	1	25581 1328
22	67661	0.7	1	64822 2839
23	80836	0.7	1	77243 3593
24	158049	0.7	1	149945 8104
25	46707	0.7	1	44120 2587
26	84646	0.7	1	81222 3424
27	167914	0.7	1	161606 6308
28	54743	0.7	1	52571 2172
29	83788	0.7	1	81073 2715
30	84350	0.7	1	81812 2538
31	14370	0.7	1	13379 991
32	206110	0.7	1	200897 5213
33	71189	0.7	1	69341 1848
34	34697	0.7	1	33398 1299
35	22177	0.7	1	21239 938
36	170806	0.7	1	167226 3580
37	53528	0.7	1	51982 1546
38	28446	0.7	1	27566 880
39	7362	0.7	1	6935 427
40	37308	0.7	1	36161 1147
41	21401	0.7	1	20752 649
42	2696	0.7	1	2449 247
43	9474	0.7	1	9056 418
44	4137	0.7	1	3811 326
45	21202	0.7	1	20424 778
46	2319	0.7	1	2093 226
47	4616	0.7	1	4307 309
48	6837	0.7	1	6467 370
49	1441	0.7	1	1249 192
50	6812	0.7	1	6492 320
51	4786	0.7	1	4525 261
52	3865	0.7	1	3626 239
53	1947	0.7	1	1786 161
54	2380	0.7	1	2166 214
55	5824	0.7	1	5560 264
56	1885	0.7	1	1741 144
57	5765	0.7	1	5500 265
58	2672	0.7	1	2508 164
59	2888	0.7	1	2728 160
60	1029	0.7	1	919 110
61	1193	0.7	1	1061 132
62	4336	0.7	1	4124 212
63	769	0.7	1	679 90
64	1821	0.7	1	1688 133
65	1023	0.7	1	927 96
66	1321	0.7	1	1212 109
67	1825	0.7	1	1690 135
68	2625	0.7	1	2484 141
69	1541	0.7	1	1413 128
70	1585	0.7	1	1436 149
71	1136	0.7	1	1019 117
72	770	0.7	1	683 87
73	1054	0.7	1	947 107
74	1426	0.7	1	1309 117
75	1563	0.7	1	1476 87
76	924	0.7	1	843 81
77	438	0.7	1	387 51
78	592	0.7	1	525 67
79	722	0.7	1	649 73
80	745	0.7	1	685 60
81	724	0.7	1	644 80
82	655	0.7	1	584 71
83	592	0.7	1	514 78
84	575	0.7	1	517 58
85	574	0.7	1	499 75
86	622	0.7	1	547 75
87	579	0.7	1	515 64
88	596	0.7	1	526 70
89	600	0.7	1	519 81
90	505	0.7	1	409 96
91	465	0.7	1	401 64
92	427	0.7	1	363 64
93	388	0.7	1	333 55
94	359	0.7	1	294 65
95	338	0.7	1	282 56
96	329	0.7	1	271 58
97	348	0.7	1	284 64
98	354	0.7	1	304 50
99	367	0.7	1	303 64
100	323	0.7	1	260 63
101	296	0.7	1	262 34
102	286	0.7	1	221 65
103	259	0.7	1	198 61
104	236	0.7	1	199 37
105	225	0.7	1	193 32
106	267	0.7	1	217 50
107	246	0.7	1	195 51
108	223	0.7	1	178 45
109	230	0.7	1	190 40
110	198	0.7	1	161 37
111	204	0.7	1	145 59
112	170	0.7	1	138 32
113	196	0.7	1	148 48
114	158	0.7	1	121 37
115	153	0.7	1	129 24
116	195	0.7	1	153 42
117	169	0.7	1	129 40
118	172	0.7	1	139 33
119	154	0.7	1	117 37
120	153	0.7	1	120 33
121	101	0.7	1	79 22
122	121	0.7	1	100 21
123	126	0.7	1	88 38
124	117	0.7	1	83 34
125	128	0.7	1	102 26
126	122	0.7	1	69 53
127	85	0.7	1	59 26
128	102	0.7	1	76 26
129	96	0.7	1	77 19
130	114	0.7	1	96 18
131	69	0.7	1	45 24
132	85	0.7	1	70 15
133	71	0.7	1	40 31
134	387	0.7	1	357 30
135	97	0.7	1	72 25
136	71	0.7	1	53 18
137	108	0.7	1	87 21
138	145	0.7	1	127 18
139	75	0.7	1	64 11
140	60	0.7	1	45 15
141	477	0.7	1	441 36
142	82	0.7	1	72 10
143	69	0.7	1	61 8
144	61	0.7	1	49 12
145	61	0.7	1	31 30
146	59	0.7	1	44 15
147	74	0.7	1	28 46
148	69	0.7	1	49 20
149	104	0.7	1	46 58
150	2867	0.7	1	2406 461

RUN STATISTICS FOR INPUT FILE: raw/16_R2_001.fastq.gz
=============================================
44367400 sequences processed in total

Total number of sequences analysed for the sequence pair length validation: 44367400

Number of sequence pairs removed because at least one read was shorter than the length cutoff (20 bp): 171275 (0.39%)
