
SUMMARISING RUN PARAMETERS
==========================
Input filename: raw/17_R1_001.fastq.gz
Trimming mode: paired-end
Trim Galore version: 0.6.6
Cutadapt version: 4.1
Python version: 3.9.12
Number of cores used for trimming: 8
Quality Phred score cutoff: 20
Quality encoding type selected: ASCII+33
Adapter sequence: 'AGATCGGAAGAGC' (Illumina TruSeq, Sanger iPCR; user defined)
Maximum trimming error rate: 0.1 (default)
Minimum required adapter overlap (stringency): 3 bp
Minimum required sequence length for both reads before a sequence pair gets removed: 20 bp
Output file will be GZIP compressed


This is cutadapt 4.1 with Python 3.9.12
Command line parameters: -j 8 -e 0.1 -q 20 -O 3 -a AGATCGGAAGAGC raw/17_R1_001.fastq.gz
Processing single-end reads on 8 cores ...
Finished in 543.94 s (11 µs/read; 5.38 M reads/minute).

=== Summary ===

Total reads processed:              48,802,015
Reads with adapters:                 6,873,493 (14.1%)
Reads written (passing filters):    48,802,015 (100.0%)

Total basepairs processed: 7,320,302,250 bp
Quality-trimmed:              16,577,410 bp (0.2%)
Total written (filtered):  7,154,478,721 bp (97.7%)

=== Adapter 1 ===

Sequence: AGATCGGAAGAGC; Type: regular 3'; Length: 13; Trimmed: 6873493 times

Minimum overlap: 3
No. of allowed errors:
1-9 bp: 0; 10-13 bp: 1

Bases preceding removed adapters:
  A: 22.5%
  C: 29.9%
  G: 28.3%
  T: 17.6%
  none/other: 1.7%

Overview of removed sequences
length	count	expect	max.err	error counts
3	1182333	762531.5	0	1182333
4	404491	190632.9	0	404491
5	223951	47658.2	0	223951
6	179117	11914.6	0	179117
7	162223	2978.6	0	162223
8	151337	744.7	0	151337
9	144927	186.2	0	143167 1760
10	139142	46.5	1	134280 4862
11	142152	11.6	1	137506 4646
12	144903	2.9	1	140738 4165
13	154181	0.7	1	149478 4703
14	160571	0.7	1	155716 4855
15	162158	0.7	1	156812 5346
16	156215	0.7	1	151291 4924
17	146594	0.7	1	142126 4468
18	128952	0.7	1	125915 3037
19	121774	0.7	1	118330 3444
20	115504	0.7	1	111904 3600
21	114677	0.7	1	111119 3558
22	116782	0.7	1	113767 3015
23	121419	0.7	1	117873 3546
24	127502	0.7	1	123628 3874
25	130986	0.7	1	127193 3793
26	125502	0.7	1	122273 3229
27	117361	0.7	1	113787 3574
28	108224	0.7	1	104459 3765
29	95052	0.7	1	92246 2806
30	84902	0.7	1	82594 2308
31	82618	0.7	1	80089 2529
32	86138	0.7	1	83043 3095
33	85114	0.7	1	82605 2509
34	91952	0.7	1	89009 2943
35	92109	0.7	1	89025 3084
36	90280	0.7	1	87827 2453
37	82744	0.7	1	80621 2123
38	74509	0.7	1	72824 1685
39	60896	0.7	1	59376 1520
40	56647	0.7	1	55094 1553
41	53841	0.7	1	52225 1616
42	51554	0.7	1	49830 1724
43	52181	0.7	1	50597 1584
44	81211	0.7	1	79219 1992
45	44418	0.7	1	43366 1052
46	48701	0.7	1	47685 1016
47	29349	0.7	1	28659 690
48	42001	0.7	1	40971 1030
49	35307	0.7	1	34439 868
50	31311	0.7	1	30467 844
51	25743	0.7	1	25079 664
52	30401	0.7	1	29638 763
53	34270	0.7	1	33510 760
54	21736	0.7	1	21229 507
55	30636	0.7	1	30019 617
56	41808	0.7	1	41105 703
57	33740	0.7	1	33204 536
58	18702	0.7	1	18359 343
59	7901	0.7	1	7698 203
60	4389	0.7	1	4267 122
61	2503	0.7	1	2381 122
62	3397	0.7	1	3287 110
63	3301	0.7	1	3200 101
64	2295	0.7	1	2176 119
65	1351	0.7	1	1244 107
66	1754	0.7	1	1648 106
67	3629	0.7	1	3500 129
68	4195	0.7	1	4065 130
69	3477	0.7	1	3336 141
70	2816	0.7	1	2685 131
71	2420	0.7	1	2307 113
72	2246	0.7	1	2129 117
73	2283	0.7	1	2173 110
74	2298	0.7	1	2184 114
75	2492	0.7	1	2393 99
76	2619	0.7	1	2515 104
77	2570	0.7	1	2457 113
78	2287	0.7	1	2185 102
79	1879	0.7	1	1784 95
80	1574	0.7	1	1481 93
81	1375	0.7	1	1285 90
82	1172	0.7	1	1086 86
83	1033	0.7	1	946 87
84	1002	0.7	1	926 76
85	920	0.7	1	829 91
86	937	0.7	1	883 54
87	919	0.7	1	855 64
88	906	0.7	1	845 61
89	873	0.7	1	794 79
90	718	0.7	1	633 85
91	645	0.7	1	571 74
92	555	0.7	1	479 76
93	503	0.7	1	445 58
94	506	0.7	1	416 90
95	453	0.7	1	366 87
96	425	0.7	1	357 68
97	409	0.7	1	364 45
98	449	0.7	1	368 81
99	412	0.7	1	355 57
100	397	0.7	1	315 82
101	299	0.7	1	247 52
102	270	0.7	1	219 51
103	265	0.7	1	211 54
104	235	0.7	1	190 45
105	236	0.7	1	178 58
106	231	0.7	1	176 55
107	252	0.7	1	194 58
108	250	0.7	1	197 53
109	230	0.7	1	181 49
110	258	0.7	1	197 61
111	223	0.7	1	155 68
112	173	0.7	1	141 32
113	196	0.7	1	133 63
114	137	0.7	1	106 31
115	126	0.7	1	103 23
116	147	0.7	1	114 33
117	153	0.7	1	101 52
118	150	0.7	1	111 39
119	143	0.7	1	99 44
120	128	0.7	1	93 35
121	123	0.7	1	63 60
122	105	0.7	1	71 34
123	110	0.7	1	71 39
124	97	0.7	1	55 42
125	82	0.7	1	53 29
126	113	0.7	1	63 50
127	91	0.7	1	56 35
128	93	0.7	1	58 35
129	82	0.7	1	53 29
130	84	0.7	1	55 29
131	78	0.7	1	48 30
132	84	0.7	1	59 25
133	69	0.7	1	41 28
134	275	0.7	1	254 21
135	88	0.7	1	64 24
136	67	0.7	1	27 40
137	117	0.7	1	71 46
138	141	0.7	1	114 27
139	74	0.7	1	57 17
140	73	0.7	1	42 31
141	305	0.7	1	276 29
142	85	0.7	1	60 25
143	64	0.7	1	42 22
144	63	0.7	1	38 25
145	71	0.7	1	29 42
146	57	0.7	1	26 31
147	173	0.7	1	50 123
148	138	0.7	1	57 81
149	1879	0.7	1	44 1835
150	113376	0.7	1	1691 111685

RUN STATISTICS FOR INPUT FILE: raw/17_R1_001.fastq.gz
=============================================
48802015 sequences processed in total

