
SUMMARISING RUN PARAMETERS
==========================
Input filename: raw/18_R1_001.fastq.gz
Trimming mode: paired-end
Trim Galore version: 0.6.6
Cutadapt version: 4.1
Python version: 3.9.12
Number of cores used for trimming: 8
Quality Phred score cutoff: 20
Quality encoding type selected: ASCII+33
Adapter sequence: 'AGATCGGAAGAGC' (Illumina TruSeq, Sanger iPCR; user defined)
Maximum trimming error rate: 0.1 (default)
Minimum required adapter overlap (stringency): 3 bp
Minimum required sequence length for both reads before a sequence pair gets removed: 20 bp
Output file will be GZIP compressed


This is cutadapt 4.1 with Python 3.9.12
Command line parameters: -j 8 -e 0.1 -q 20 -O 3 -a AGATCGGAAGAGC raw/18_R1_001.fastq.gz
Processing single-end reads on 8 cores ...
Finished in 489.79 s (11 µs/read; 5.43 M reads/minute).

=== Summary ===

Total reads processed:              44,295,110
Reads with adapters:                 2,819,550 (6.4%)
Reads written (passing filters):    44,295,110 (100.0%)

Total basepairs processed: 6,644,266,500 bp
Quality-trimmed:              12,053,515 bp (0.2%)
Total written (filtered):  6,584,944,813 bp (99.1%)

=== Adapter 1 ===

Sequence: AGATCGGAAGAGC; Type: regular 3'; Length: 13; Trimmed: 2819550 times

Minimum overlap: 3
No. of allowed errors:
1-9 bp: 0; 10-13 bp: 1

Bases preceding removed adapters:
  A: 25.2%
  C: 24.5%
  G: 28.9%
  T: 18.7%
  none/other: 2.6%

Overview of removed sequences
length	count	expect	max.err	error counts
3	1011241	692111.1	0	1011241
4	289624	173027.8	0	289624
5	109428	43256.9	0	109428
6	68974	10814.2	0	68974
7	58669	2703.6	0	58669
8	52670	675.9	0	52670
9	49585	169.0	0	48471 1114
10	47128	42.2	1	44691 2437
11	46051	10.6	1	44103 1948
12	45767	2.6	1	44199 1568
13	47808	0.7	1	46229 1579
14	48932	0.7	1	47227 1705
15	47839	0.7	1	46165 1674
16	46901	0.7	1	45267 1634
17	42057	0.7	1	40607 1450
18	37006	0.7	1	35860 1146
19	33497	0.7	1	32401 1096
20	30999	0.7	1	29710 1289
21	30440	0.7	1	29309 1131
22	29922	0.7	1	28909 1013
23	31111	0.7	1	30021 1090
24	32087	0.7	1	30962 1125
25	32478	0.7	1	31274 1204
26	30241	0.7	1	29253 988
27	27739	0.7	1	26728 1011
28	25596	0.7	1	24537 1059
29	22059	0.7	1	21338 721
30	19084	0.7	1	18450 634
31	18192	0.7	1	17451 741
32	18637	0.7	1	17881 756
33	18103	0.7	1	17458 645
34	19734	0.7	1	18912 822
35	19785	0.7	1	19057 728
36	19056	0.7	1	18418 638
37	17561	0.7	1	16865 696
38	15128	0.7	1	14646 482
39	12927	0.7	1	12499 428
40	11883	0.7	1	11429 454
41	10905	0.7	1	10453 452
42	10990	0.7	1	10526 464
43	10832	0.7	1	10314 518
44	19137	0.7	1	18559 578
45	8585	0.7	1	8284 301
46	10025	0.7	1	9740 285
47	3887	0.7	1	3646 241
48	11177	0.7	1	10823 354
49	5670	0.7	1	5403 267
50	7188	0.7	1	6919 269
51	5660	0.7	1	5399 261
52	11111	0.7	1	10799 312
53	13375	0.7	1	13042 333
54	4330	0.7	1	4160 170
55	6814	0.7	1	6625 189
56	8572	0.7	1	8419 153
57	3724	0.7	1	3582 142
58	1490	0.7	1	1400 90
59	891	0.7	1	828 63
60	419	0.7	1	379 40
61	411	0.7	1	344 67
62	243	0.7	1	176 67
63	223	0.7	1	177 46
64	292	0.7	1	234 58
65	552	0.7	1	477 75
66	360	0.7	1	277 83
67	393	0.7	1	317 76
68	603	0.7	1	497 106
69	540	0.7	1	443 97
70	509	0.7	1	386 123
71	514	0.7	1	416 98
72	620	0.7	1	488 132
73	630	0.7	1	567 63
74	687	0.7	1	623 64
75	709	0.7	1	645 64
76	824	0.7	1	740 84
77	800	0.7	1	747 53
78	738	0.7	1	676 62
79	693	0.7	1	613 80
80	616	0.7	1	504 112
81	602	0.7	1	422 180
82	595	0.7	1	377 218
83	449	0.7	1	365 84
84	429	0.7	1	326 103
85	378	0.7	1	334 44
86	365	0.7	1	328 37
87	432	0.7	1	389 43
88	395	0.7	1	331 64
89	429	0.7	1	350 79
90	330	0.7	1	272 58
91	300	0.7	1	233 67
92	283	0.7	1	199 84
93	249	0.7	1	205 44
94	296	0.7	1	190 106
95	238	0.7	1	169 69
96	226	0.7	1	191 35
97	240	0.7	1	202 38
98	234	0.7	1	173 61
99	212	0.7	1	184 28
100	230	0.7	1	143 87
101	196	0.7	1	154 42
102	168	0.7	1	134 34
103	225	0.7	1	154 71
104	161	0.7	1	122 39
105	136	0.7	1	101 35
106	152	0.7	1	101 51
107	228	0.7	1	113 115
108	228	0.7	1	133 95
109	188	0.7	1	112 76
110	144	0.7	1	87 57
111	212	0.7	1	101 111
112	135	0.7	1	95 40
113	167	0.7	1	75 92
114	103	0.7	1	72 31
115	119	0.7	1	74 45
116	165	0.7	1	81 84
117	154	0.7	1	69 85
118	118	0.7	1	75 43
119	152	0.7	1	70 82
120	195	0.7	1	60 135
121	116	0.7	1	53 63
122	127	0.7	1	58 69
123	110	0.7	1	54 56
124	88	0.7	1	30 58
125	109	0.7	1	45 64
126	117	0.7	1	40 77
127	92	0.7	1	41 51
128	110	0.7	1	51 59
129	117	0.7	1	39 78
130	156	0.7	1	49 107
131	71	0.7	1	30 41
132	63	0.7	1	34 29
133	71	0.7	1	38 33
134	193	0.7	1	149 44
135	96	0.7	1	35 61
136	95	0.7	1	27 68
137	68	0.7	1	23 45
138	113	0.7	1	65 48
139	67	0.7	1	28 39
140	68	0.7	1	26 42
141	154	0.7	1	122 32
142	65	0.7	1	46 19
143	35	0.7	1	15 20
144	63	0.7	1	18 45
145	85	0.7	1	24 61
146	57	0.7	1	19 38
147	182	0.7	1	17 165
148	86	0.7	1	23 63
149	2071	0.7	1	16 2055
150	72769	0.7	1	577 72192

RUN STATISTICS FOR INPUT FILE: raw/18_R1_001.fastq.gz
=============================================
44295110 sequences processed in total

