
SUMMARISING RUN PARAMETERS
==========================
Input filename: raw/19_R1_001.fastq.gz
Trimming mode: paired-end
Trim Galore version: 0.6.6
Cutadapt version: 4.1
Python version: 3.9.12
Number of cores used for trimming: 8
Quality Phred score cutoff: 20
Quality encoding type selected: ASCII+33
Adapter sequence: 'AGATCGGAAGAGC' (Illumina TruSeq, Sanger iPCR; user defined)
Maximum trimming error rate: 0.1 (default)
Minimum required adapter overlap (stringency): 3 bp
Minimum required sequence length for both reads before a sequence pair gets removed: 20 bp
Output file will be GZIP compressed


This is cutadapt 4.1 with Python 3.9.12
Command line parameters: -j 8 -e 0.1 -q 20 -O 3 -a AGATCGGAAGAGC raw/19_R1_001.fastq.gz
Processing single-end reads on 8 cores ...
Finished in 468.93 s (11 µs/read; 5.37 M reads/minute).

=== Summary ===

Total reads processed:              41,994,710
Reads with adapters:                 4,840,268 (11.5%)
Reads written (passing filters):    41,994,710 (100.0%)

Total basepairs processed: 6,299,206,500 bp
Quality-trimmed:              12,339,921 bp (0.2%)
Total written (filtered):  6,178,422,229 bp (98.1%)

=== Adapter 1 ===

Sequence: AGATCGGAAGAGC; Type: regular 3'; Length: 13; Trimmed: 4840268 times

Minimum overlap: 3
No. of allowed errors:
1-9 bp: 0; 10-13 bp: 1

Bases preceding removed adapters:
  A: 23.2%
  C: 28.7%
  G: 28.1%
  T: 17.4%
  none/other: 2.6%

Overview of removed sequences
length	count	expect	max.err	error counts
3	962200	656167.3	0	962200
4	312889	164041.8	0	312889
5	159925	41010.5	0	159925
6	117848	10252.6	0	117848
7	107199	2563.2	0	107199
8	97528	640.8	0	97528
9	95486	160.2	0	93931 1555
10	92604	40.0	1	88749 3855
11	95259	10.0	1	91819 3440
12	97432	2.5	1	94319 3113
13	102642	0.6	1	99138 3504
14	106223	0.6	1	102697 3526
15	107130	0.6	1	103229 3901
16	103597	0.6	1	100076 3521
17	95281	0.6	1	92072 3209
18	84361	0.6	1	82000 2361
19	80578	0.6	1	78013 2565
20	74470	0.6	1	71789 2681
21	76558	0.6	1	73913 2645
22	77750	0.6	1	75318 2432
23	80907	0.6	1	78333 2574
24	83842	0.6	1	81030 2812
25	85852	0.6	1	82982 2870
26	81183	0.6	1	78754 2429
27	75786	0.6	1	73282 2504
28	70235	0.6	1	67683 2552
29	61320	0.6	1	59338 1982
30	56192	0.6	1	54507 1685
31	54748	0.6	1	52868 1880
32	57054	0.6	1	54924 2130
33	57032	0.6	1	55130 1902
34	60987	0.6	1	58812 2175
35	59872	0.6	1	57886 1986
36	59651	0.6	1	57907 1744
37	53210	0.6	1	51795 1415
38	48338	0.6	1	46897 1441
39	42859	0.6	1	41489 1370
40	37282	0.6	1	36023 1259
41	34689	0.6	1	33691 998
42	35121	0.6	1	33963 1158
43	34998	0.6	1	33886 1112
44	54249	0.6	1	52829 1420
45	25290	0.6	1	24694 596
46	24322	0.6	1	23715 607
47	30881	0.6	1	30100 781
48	27042	0.6	1	26259 783
49	22876	0.6	1	22215 661
50	19538	0.6	1	18987 551
51	17269	0.6	1	16759 510
52	16210	0.6	1	15634 576
53	16082	0.6	1	15549 533
54	16130	0.6	1	15678 452
55	15944	0.6	1	15494 450
56	15598	0.6	1	15138 460
57	14252	0.6	1	13846 406
58	12710	0.6	1	12346 364
59	10338	0.6	1	10033 305
60	8384	0.6	1	8145 239
61	6915	0.6	1	6675 240
62	6083	0.6	1	5895 188
63	5953	0.6	1	5752 201
64	6009	0.6	1	5845 164
65	5424	0.6	1	5235 189
66	5208	0.6	1	5017 191
67	4931	0.6	1	4784 147
68	4327	0.6	1	4194 133
69	3519	0.6	1	3355 164
70	2862	0.6	1	2731 131
71	2508	0.6	1	2367 141
72	2068	0.6	1	1933 135
73	1959	0.6	1	1831 128
74	1809	0.6	1	1715 94
75	1871	0.6	1	1763 108
76	1915	0.6	1	1784 131
77	1797	0.6	1	1708 89
78	1676	0.6	1	1576 100
79	1406	0.6	1	1301 105
80	1216	0.6	1	1118 98
81	957	0.6	1	889 68
82	922	0.6	1	808 114
83	818	0.6	1	719 99
84	752	0.6	1	674 78
85	731	0.6	1	670 61
86	721	0.6	1	669 52
87	674	0.6	1	606 68
88	704	0.6	1	629 75
89	680	0.6	1	589 91
90	578	0.6	1	482 96
91	456	0.6	1	396 60
92	410	0.6	1	351 59
93	390	0.6	1	341 49
94	387	0.6	1	278 109
95	318	0.6	1	232 86
96	323	0.6	1	256 67
97	322	0.6	1	272 50
98	316	0.6	1	271 45
99	277	0.6	1	239 38
100	323	0.6	1	249 74
101	255	0.6	1	195 60
102	236	0.6	1	181 55
103	201	0.6	1	152 49
104	172	0.6	1	131 41
105	173	0.6	1	133 40
106	193	0.6	1	138 55
107	185	0.6	1	131 54
108	197	0.6	1	138 59
109	197	0.6	1	150 47
110	177	0.6	1	127 50
111	170	0.6	1	118 52
112	145	0.6	1	114 31
113	171	0.6	1	102 69
114	147	0.6	1	112 35
115	112	0.6	1	82 30
116	152	0.6	1	102 50
117	141	0.6	1	89 52
118	156	0.6	1	114 42
119	126	0.6	1	76 50
120	141	0.6	1	88 53
121	122	0.6	1	69 53
122	125	0.6	1	53 72
123	116	0.6	1	62 54
124	118	0.6	1	52 66
125	79	0.6	1	42 37
126	143	0.6	1	58 85
127	107	0.6	1	56 51
128	108	0.6	1	50 58
129	88	0.6	1	64 24
130	113	0.6	1	68 45
131	64	0.6	1	37 27
132	76	0.6	1	53 23
133	63	0.6	1	28 35
134	305	0.6	1	266 39
135	98	0.6	1	69 29
136	89	0.6	1	46 43
137	115	0.6	1	77 38
138	130	0.6	1	99 31
139	65	0.6	1	45 20
140	81	0.6	1	40 41
141	260	0.6	1	238 22
142	96	0.6	1	51 45
143	103	0.6	1	60 43
144	77	0.6	1	41 36
145	94	0.6	1	29 65
146	66	0.6	1	39 27
147	220	0.6	1	46 174
148	137	0.6	1	48 89
149	1916	0.6	1	37 1879
150	125899	0.6	1	1496 124403

RUN STATISTICS FOR INPUT FILE: raw/19_R1_001.fastq.gz
=============================================
41994710 sequences processed in total

