
SUMMARISING RUN PARAMETERS
==========================
Input filename: raw/19_R2_001.fastq.gz
Trimming mode: paired-end
Trim Galore version: 0.6.6
Cutadapt version: 4.1
Python version: 3.9.12
Number of cores used for trimming: 8
Quality Phred score cutoff: 20
Quality encoding type selected: ASCII+33
Adapter sequence: 'AGATCGGAAGAGC' (Illumina TruSeq, Sanger iPCR; user defined)
Maximum trimming error rate: 0.1 (default)
Minimum required adapter overlap (stringency): 3 bp
Minimum required sequence length for both reads before a sequence pair gets removed: 20 bp
Output file will be GZIP compressed


This is cutadapt 4.1 with Python 3.9.12
Command line parameters: -j 8 -e 0.1 -q 20 -O 3 -a AGATCGGAAGAGC raw/19_R2_001.fastq.gz
Processing single-end reads on 8 cores ...
Finished in 470.11 s (11 µs/read; 5.36 M reads/minute).

=== Summary ===

Total reads processed:              41,994,710
Reads with adapters:                 4,690,590 (11.2%)
Reads written (passing filters):    41,994,710 (100.0%)

Total basepairs processed: 6,299,206,500 bp
Quality-trimmed:              24,286,526 bp (0.4%)
Total written (filtered):  6,189,678,837 bp (98.3%)

=== Adapter 1 ===

Sequence: AGATCGGAAGAGC; Type: regular 3'; Length: 13; Trimmed: 4690590 times

Minimum overlap: 3
No. of allowed errors:
1-9 bp: 0; 10-13 bp: 1

Bases preceding removed adapters:
  A: 23.5%
  C: 29.6%
  G: 28.8%
  T: 18.0%
  none/other: 0.1%

Overview of removed sequences
length	count	expect	max.err	error counts
3	942304	656167.3	0	942304
4	309424	164041.8	0	309424
5	159310	41010.5	0	159310
6	118105	10252.6	0	118105
7	107512	2563.2	0	107512
8	98508	640.8	0	98508
9	95342	160.2	0	93801 1541
10	94819	40.0	1	90250 4569
11	95425	10.0	1	91601 3824
12	104177	2.5	1	100080 4097
13	97540	0.6	1	94510 3030
14	108044	0.6	1	103369 4675
15	109962	0.6	1	105301 4661
16	99046	0.6	1	94994 4052
17	97430	0.6	1	93060 4370
18	86894	0.6	1	83169 3725
19	184654	0.6	1	177092 7562
20	36779	0.6	1	34602 2177
21	26631	0.6	1	25332 1299
22	67784	0.6	1	65045 2739
23	81254	0.6	1	78060 3194
24	156572	0.6	1	149712 6860
25	45391	0.6	1	42967 2424
26	81117	0.6	1	77931 3186
27	141161	0.6	1	136210 4951
28	46847	0.6	1	44992 1855
29	69487	0.6	1	67280 2207
30	66244	0.6	1	64181 2063
31	14599	0.6	1	13771 828
32	75874	0.6	1	73409 2465
33	35774	0.6	1	34579 1195
34	54719	0.6	1	52730 1989
35	170707	0.6	1	166266 4441
36	15299	0.6	1	14430 869
37	149923	0.6	1	146848 3075
38	11873	0.6	1	11286 587
39	37393	0.6	1	36419 974
40	13052	0.6	1	12537 515
41	54423	0.6	1	53119 1304
42	5813	0.6	1	5440 373
43	42180	0.6	1	41101 1079
44	11728	0.6	1	11180 548
45	60749	0.6	1	59208 1541
46	6524	0.6	1	6136 388
47	13287	0.6	1	12762 525
48	23671	0.6	1	22973 698
49	5713	0.6	1	5390 323
50	14032	0.6	1	13563 469
51	10568	0.6	1	10227 341
52	15215	0.6	1	14760 455
53	1369	0.6	1	1181 188
54	9852	0.6	1	9498 354
55	13560	0.6	1	13090 470
56	5238	0.6	1	5008 230
57	12954	0.6	1	12530 424
58	10807	0.6	1	10457 350
59	4394	0.6	1	4197 197
60	1920	0.6	1	1786 134
61	2976	0.6	1	2816 160
62	7334	0.6	1	7040 294
63	894	0.6	1	794 100
64	3938	0.6	1	3742 196
65	1550	0.6	1	1395 155
66	2394	0.6	1	2243 151
67	3955	0.6	1	3771 184
68	1667	0.6	1	1557 110
69	960	0.6	1	870 90
70	2609	0.6	1	2470 139
71	854	0.6	1	747 107
72	1332	0.6	1	1201 131
73	1999	0.6	1	1835 164
74	2063	0.6	1	1918 145
75	1650	0.6	1	1538 112
76	586	0.6	1	488 98
77	537	0.6	1	468 69
78	880	0.6	1	797 83
79	981	0.6	1	878 103
80	989	0.6	1	893 96
81	850	0.6	1	753 97
82	834	0.6	1	729 105
83	766	0.6	1	680 86
84	716	0.6	1	621 95
85	717	0.6	1	655 62
86	719	0.6	1	653 66
87	661	0.6	1	592 69
88	690	0.6	1	623 67
89	619	0.6	1	545 74
90	598	0.6	1	489 109
91	466	0.6	1	402 64
92	430	0.6	1	344 86
93	391	0.6	1	336 55
94	388	0.6	1	288 100
95	328	0.6	1	252 76
96	332	0.6	1	283 49
97	335	0.6	1	277 58
98	331	0.6	1	284 47
99	307	0.6	1	255 52
100	322	0.6	1	257 65
101	259	0.6	1	210 49
102	226	0.6	1	192 34
103	224	0.6	1	170 54
104	198	0.6	1	150 48
105	177	0.6	1	137 40
106	213	0.6	1	160 53
107	192	0.6	1	152 40
108	210	0.6	1	160 50
109	229	0.6	1	173 56
110	188	0.6	1	145 43
111	188	0.6	1	132 56
112	166	0.6	1	133 33
113	196	0.6	1	118 78
114	158	0.6	1	117 41
115	113	0.6	1	77 36
116	165	0.6	1	115 50
117	164	0.6	1	102 62
118	161	0.6	1	117 44
119	134	0.6	1	91 43
120	127	0.6	1	77 50
121	120	0.6	1	73 47
122	121	0.6	1	66 55
123	121	0.6	1	65 56
124	142	0.6	1	53 89
125	77	0.6	1	45 32
126	160	0.6	1	63 97
127	93	0.6	1	55 38
128	93	0.6	1	54 39
129	105	0.6	1	71 34
130	110	0.6	1	59 51
131	65	0.6	1	38 27
132	76	0.6	1	55 21
133	52	0.6	1	29 23
134	314	0.6	1	266 48
135	106	0.6	1	64 42
136	100	0.6	1	47 53
137	119	0.6	1	76 43
138	135	0.6	1	108 27
139	64	0.6	1	46 18
140	78	0.6	1	34 44
141	264	0.6	1	236 28
142	74	0.6	1	51 23
143	89	0.6	1	60 29
144	56	0.6	1	43 13
145	50	0.6	1	29 21
146	61	0.6	1	40 21
147	162	0.6	1	38 124
148	86	0.6	1	45 41
149	96	0.6	1	41 55
150	1792	0.6	1	1471 321

RUN STATISTICS FOR INPUT FILE: raw/19_R2_001.fastq.gz
=============================================
41994710 sequences processed in total

Total number of sequences analysed for the sequence pair length validation: 41994710

Number of sequence pairs removed because at least one read was shorter than the length cutoff (20 bp): 140258 (0.33%)
