
SUMMARISING RUN PARAMETERS
==========================
Input filename: raw/20_R1_001.fastq.gz
Trimming mode: paired-end
Trim Galore version: 0.6.6
Cutadapt version: 4.1
Python version: 3.9.12
Number of cores used for trimming: 8
Quality Phred score cutoff: 20
Quality encoding type selected: ASCII+33
Adapter sequence: 'AGATCGGAAGAGC' (Illumina TruSeq, Sanger iPCR; user defined)
Maximum trimming error rate: 0.1 (default)
Minimum required adapter overlap (stringency): 3 bp
Minimum required sequence length for both reads before a sequence pair gets removed: 20 bp
Output file will be GZIP compressed


This is cutadapt 4.1 with Python 3.9.12
Command line parameters: -j 8 -e 0.1 -q 20 -O 3 -a AGATCGGAAGAGC raw/20_R1_001.fastq.gz
Processing single-end reads on 8 cores ...
Finished in 467.45 s (11 µs/read; 5.40 M reads/minute).

=== Summary ===

Total reads processed:              42,086,434
Reads with adapters:                 4,779,347 (11.4%)
Reads written (passing filters):    42,086,434 (100.0%)

Total basepairs processed: 6,312,965,100 bp
Quality-trimmed:              14,907,151 bp (0.2%)
Total written (filtered):  6,188,638,346 bp (98.0%)

=== Adapter 1 ===

Sequence: AGATCGGAAGAGC; Type: regular 3'; Length: 13; Trimmed: 4779347 times

Minimum overlap: 3
No. of allowed errors:
1-9 bp: 0; 10-13 bp: 1

Bases preceding removed adapters:
  A: 22.7%
  C: 28.3%
  G: 28.1%
  T: 18.0%
  none/other: 2.9%

Overview of removed sequences
length	count	expect	max.err	error counts
3	960384	657600.5	0	960384
4	310888	164400.1	0	310888
5	152381	41100.0	0	152381
6	113930	10275.0	0	113930
7	103220	2568.8	0	103220
8	94166	642.2	0	94166
9	90957	160.5	0	89843 1114
10	88398	40.1	1	84938 3460
11	91068	10.0	1	87603 3465
12	93232	2.5	1	90096 3136
13	99514	0.6	1	95863 3651
14	102691	0.6	1	98887 3804
15	103068	0.6	1	99126 3942
16	99462	0.6	1	95842 3620
17	92984	0.6	1	89481 3503
18	82132	0.6	1	79654 2478
19	77578	0.6	1	74858 2720
20	72065	0.6	1	69074 2991
21	74381	0.6	1	71479 2902
22	75720	0.6	1	73125 2595
23	79797	0.6	1	76958 2839
24	82093	0.6	1	79190 2903
25	84305	0.6	1	80982 3323
26	80539	0.6	1	77865 2674
27	75259	0.6	1	72397 2862
28	68444	0.6	1	65665 2779
29	60604	0.6	1	58457 2147
30	55311	0.6	1	53389 1922
31	54056	0.6	1	52117 1939
32	55953	0.6	1	53653 2300
33	56231	0.6	1	54215 2016
34	60027	0.6	1	57623 2404
35	59533	0.6	1	57481 2052
36	59053	0.6	1	57091 1962
37	55656	0.6	1	53538 2118
38	48078	0.6	1	46490 1588
39	42225	0.6	1	40712 1513
40	38480	0.6	1	37178 1302
41	33314	0.6	1	32206 1108
42	34891	0.6	1	33715 1176
43	35791	0.6	1	34437 1354
44	59346	0.6	1	57701 1645
45	24192	0.6	1	23432 760
46	23183	0.6	1	22506 677
47	30263	0.6	1	29390 873
48	27378	0.6	1	26554 824
49	23479	0.6	1	22695 784
50	19957	0.6	1	19247 710
51	17766	0.6	1	17095 671
52	17371	0.6	1	16755 616
53	17523	0.6	1	16937 586
54	16827	0.6	1	16303 524
55	17406	0.6	1	16812 594
56	19070	0.6	1	18507 563
57	18155	0.6	1	17596 559
58	16249	0.6	1	15793 456
59	11140	0.6	1	10806 334
60	7729	0.6	1	7510 219
61	4931	0.6	1	4773 158
62	5340	0.6	1	5176 164
63	5417	0.6	1	5300 117
64	4612	0.6	1	4468 144
65	2979	0.6	1	2830 149
66	2976	0.6	1	2849 127
67	3599	0.6	1	3456 143
68	3480	0.6	1	3341 139
69	3117	0.6	1	2995 122
70	2516	0.6	1	2395 121
71	2198	0.6	1	2057 141
72	1989	0.6	1	1863 126
73	1815	0.6	1	1699 116
74	1843	0.6	1	1714 129
75	1836	0.6	1	1719 117
76	1917	0.6	1	1757 160
77	1729	0.6	1	1645 84
78	1652	0.6	1	1564 88
79	1424	0.6	1	1311 113
80	1203	0.6	1	1081 122
81	1010	0.6	1	925 85
82	879	0.6	1	771 108
83	815	0.6	1	746 69
84	747	0.6	1	668 79
85	642	0.6	1	591 51
86	731	0.6	1	663 68
87	628	0.6	1	567 61
88	670	0.6	1	609 61
89	622	0.6	1	551 71
90	563	0.6	1	465 98
91	483	0.6	1	422 61
92	440	0.6	1	376 64
93	348	0.6	1	313 35
94	367	0.6	1	273 94
95	327	0.6	1	253 74
96	329	0.6	1	281 48
97	328	0.6	1	277 51
98	309	0.6	1	234 75
99	304	0.6	1	273 31
100	339	0.6	1	254 85
101	295	0.6	1	238 57
102	231	0.6	1	195 36
103	219	0.6	1	168 51
104	173	0.6	1	133 40
105	180	0.6	1	136 44
106	179	0.6	1	137 42
107	185	0.6	1	141 44
108	186	0.6	1	145 41
109	205	0.6	1	161 44
110	167	0.6	1	120 47
111	176	0.6	1	108 68
112	124	0.6	1	95 29
113	157	0.6	1	104 53
114	153	0.6	1	110 43
115	129	0.6	1	94 35
116	135	0.6	1	102 33
117	118	0.6	1	84 34
118	129	0.6	1	101 28
119	123	0.6	1	72 51
120	135	0.6	1	74 61
121	127	0.6	1	71 56
122	131	0.6	1	72 59
123	123	0.6	1	61 62
124	130	0.6	1	56 74
125	89	0.6	1	53 36
126	136	0.6	1	51 85
127	91	0.6	1	49 42
128	97	0.6	1	48 49
129	61	0.6	1	26 35
130	71	0.6	1	45 26
131	55	0.6	1	38 17
132	77	0.6	1	54 23
133	73	0.6	1	27 46
134	315	0.6	1	267 48
135	126	0.6	1	75 51
136	89	0.6	1	39 50
137	138	0.6	1	88 50
138	103	0.6	1	82 21
139	88	0.6	1	62 26
140	76	0.6	1	43 33
141	344	0.6	1	304 40
142	107	0.6	1	69 38
143	85	0.6	1	43 42
144	71	0.6	1	30 41
145	71	0.6	1	30 41
146	78	0.6	1	29 49
147	211	0.6	1	37 174
148	109	0.6	1	29 80
149	2168	0.6	1	39 2129
150	138161	0.6	1	2257 135904

RUN STATISTICS FOR INPUT FILE: raw/20_R1_001.fastq.gz
=============================================
42086434 sequences processed in total

