
SUMMARISING RUN PARAMETERS
==========================
Input filename: raw/21_R1_001.fastq.gz
Trimming mode: paired-end
Trim Galore version: 0.6.6
Cutadapt version: 4.1
Python version: 3.9.12
Number of cores used for trimming: 8
Quality Phred score cutoff: 20
Quality encoding type selected: ASCII+33
Adapter sequence: 'AGATCGGAAGAGC' (Illumina TruSeq, Sanger iPCR; user defined)
Maximum trimming error rate: 0.1 (default)
Minimum required adapter overlap (stringency): 3 bp
Minimum required sequence length for both reads before a sequence pair gets removed: 20 bp
Output file will be GZIP compressed


This is cutadapt 4.1 with Python 3.9.12
Command line parameters: -j 8 -e 0.1 -q 20 -O 3 -a AGATCGGAAGAGC raw/21_R1_001.fastq.gz
Processing single-end reads on 8 cores ...
Finished in 481.03 s (11 µs/read; 5.44 M reads/minute).

=== Summary ===

Total reads processed:              43,583,277
Reads with adapters:                 4,995,456 (11.5%)
Reads written (passing filters):    43,583,277 (100.0%)

Total basepairs processed: 6,537,491,550 bp
Quality-trimmed:              14,796,739 bp (0.2%)
Total written (filtered):  6,422,075,110 bp (98.2%)

=== Adapter 1 ===

Sequence: AGATCGGAAGAGC; Type: regular 3'; Length: 13; Trimmed: 4995456 times

Minimum overlap: 3
No. of allowed errors:
1-9 bp: 0; 10-13 bp: 1

Bases preceding removed adapters:
  A: 23.1%
  C: 28.6%
  G: 29.3%
  T: 18.0%
  none/other: 1.1%

Overview of removed sequences
length	count	expect	max.err	error counts
3	1014699	680988.7	0	1014699
4	337455	170247.2	0	337455
5	169870	42561.8	0	169870
6	125648	10640.4	0	125648
7	112106	2660.1	0	112106
8	101701	665.0	0	101701
9	98192	166.3	0	96918 1274
10	93133	41.6	1	89608 3525
11	98485	10.4	1	94613 3872
12	100684	2.6	1	97293 3391
13	108361	0.6	1	104546 3815
14	113354	0.6	1	109323 4031
15	113857	0.6	1	109634 4223
16	109433	0.6	1	105653 3780
17	101170	0.6	1	97571 3599
18	87726	0.6	1	85154 2572
19	81916	0.6	1	79273 2643
20	76854	0.6	1	73961 2893
21	78602	0.6	1	75755 2847
22	80721	0.6	1	78136 2585
23	84766	0.6	1	81965 2801
24	91597	0.6	1	88311 3286
25	89554	0.6	1	86619 2935
26	86495	0.6	1	83867 2628
27	80410	0.6	1	77618 2792
28	73604	0.6	1	70624 2980
29	63591	0.6	1	61460 2131
30	57237	0.6	1	55494 1743
31	56804	0.6	1	54744 2060
32	58734	0.6	1	56347 2387
33	58640	0.6	1	56660 1980
34	62930	0.6	1	60611 2319
35	65178	0.6	1	62817 2361
36	61551	0.6	1	59701 1850
37	56953	0.6	1	55130 1823
38	48977	0.6	1	47671 1306
39	44189	0.6	1	42607 1582
40	39678	0.6	1	38245 1433
41	38717	0.6	1	37305 1412
42	32091	0.6	1	31069 1022
43	37726	0.6	1	36245 1481
44	63600	0.6	1	61921 1679
45	30606	0.6	1	29730 876
46	37643	0.6	1	36785 858
47	10009	0.6	1	9552 457
48	32049	0.6	1	31172 877
49	25396	0.6	1	24549 847
50	24778	0.6	1	24073 705
51	15822	0.6	1	15279 543
52	36884	0.6	1	36068 816
53	31968	0.6	1	31269 699
54	8699	0.6	1	8394 305
55	27136	0.6	1	26627 509
56	30672	0.6	1	30113 559
57	13140	0.6	1	12869 271
58	5350	0.6	1	5170 180
59	2698	0.6	1	2581 117
60	1180	0.6	1	1102 78
61	940	0.6	1	833 107
62	1597	0.6	1	1505 92
63	1109	0.6	1	1029 80
64	889	0.6	1	809 80
65	1125	0.6	1	1007 118
66	899	0.6	1	785 114
67	2366	0.6	1	2231 135
68	2129	0.6	1	1979 150
69	1730	0.6	1	1629 101
70	1449	0.6	1	1318 131
71	1416	0.6	1	1336 80
72	1511	0.6	1	1373 138
73	1645	0.6	1	1547 98
74	1727	0.6	1	1622 105
75	1865	0.6	1	1769 96
76	1919	0.6	1	1796 123
77	1951	0.6	1	1849 102
78	1627	0.6	1	1526 101
79	1410	0.6	1	1307 103
80	1186	0.6	1	1076 110
81	1008	0.6	1	912 96
82	931	0.6	1	817 114
83	791	0.6	1	713 78
84	733	0.6	1	656 77
85	718	0.6	1	645 73
86	706	0.6	1	655 51
87	712	0.6	1	658 54
88	749	0.6	1	684 65
89	623	0.6	1	548 75
90	627	0.6	1	516 111
91	454	0.6	1	391 63
92	486	0.6	1	410 76
93	377	0.6	1	321 56
94	385	0.6	1	286 99
95	372	0.6	1	278 94
96	370	0.6	1	313 57
97	326	0.6	1	278 48
98	332	0.6	1	259 73
99	282	0.6	1	245 37
100	354	0.6	1	223 131
101	258	0.6	1	208 50
102	212	0.6	1	164 48
103	208	0.6	1	156 52
104	165	0.6	1	128 37
105	183	0.6	1	147 36
106	202	0.6	1	155 47
107	254	0.6	1	148 106
108	180	0.6	1	128 52
109	219	0.6	1	142 77
110	205	0.6	1	116 89
111	157	0.6	1	94 63
112	113	0.6	1	97 16
113	151	0.6	1	92 59
114	142	0.6	1	92 50
115	108	0.6	1	78 30
116	154	0.6	1	67 87
117	129	0.6	1	79 50
118	117	0.6	1	76 41
119	132	0.6	1	77 55
120	118	0.6	1	55 63
121	102	0.6	1	63 39
122	105	0.6	1	48 57
123	107	0.6	1	54 53
124	94	0.6	1	35 59
125	82	0.6	1	52 30
126	149	0.6	1	39 110
127	91	0.6	1	39 52
128	100	0.6	1	42 58
129	113	0.6	1	39 74
130	114	0.6	1	46 68
131	44	0.6	1	24 20
132	65	0.6	1	31 34
133	70	0.6	1	27 43
134	166	0.6	1	125 41
135	64	0.6	1	31 33
136	81	0.6	1	28 53
137	103	0.6	1	44 59
138	86	0.6	1	54 32
139	64	0.6	1	32 32
140	52	0.6	1	30 22
141	158	0.6	1	134 24
142	51	0.6	1	35 16
143	59	0.6	1	35 24
144	59	0.6	1	27 32
145	57	0.6	1	20 37
146	54	0.6	1	21 33
147	163	0.6	1	36 127
148	99	0.6	1	23 76
149	952	0.6	1	21 931
150	55700	0.6	1	1441 54259

RUN STATISTICS FOR INPUT FILE: raw/21_R1_001.fastq.gz
=============================================
43583277 sequences processed in total

