
SUMMARISING RUN PARAMETERS
==========================
Input filename: raw/21_R2_001.fastq.gz
Trimming mode: paired-end
Trim Galore version: 0.6.6
Cutadapt version: 4.1
Python version: 3.9.12
Number of cores used for trimming: 8
Quality Phred score cutoff: 20
Quality encoding type selected: ASCII+33
Adapter sequence: 'AGATCGGAAGAGC' (Illumina TruSeq, Sanger iPCR; user defined)
Maximum trimming error rate: 0.1 (default)
Minimum required adapter overlap (stringency): 3 bp
Minimum required sequence length for both reads before a sequence pair gets removed: 20 bp
Output file will be GZIP compressed


This is cutadapt 4.1 with Python 3.9.12
Command line parameters: -j 8 -e 0.1 -q 20 -O 3 -a AGATCGGAAGAGC raw/21_R2_001.fastq.gz
Processing single-end reads on 8 cores ...
Finished in 484.39 s (11 µs/read; 5.40 M reads/minute).

=== Summary ===

Total reads processed:              43,583,277
Reads with adapters:                 4,920,503 (11.3%)
Reads written (passing filters):    43,583,277 (100.0%)

Total basepairs processed: 6,537,491,550 bp
Quality-trimmed:              24,826,096 bp (0.4%)
Total written (filtered):  6,423,388,636 bp (98.3%)

=== Adapter 1 ===

Sequence: AGATCGGAAGAGC; Type: regular 3'; Length: 13; Trimmed: 4920503 times

Minimum overlap: 3
No. of allowed errors:
1-9 bp: 0; 10-13 bp: 1

Bases preceding removed adapters:
  A: 23.0%
  C: 29.0%
  G: 29.6%
  T: 18.4%
  none/other: 0.1%

Overview of removed sequences
length	count	expect	max.err	error counts
3	994163	680988.7	0	994163
4	334425	170247.2	0	334425
5	169503	42561.8	0	169503
6	126120	10640.4	0	126120
7	112338	2660.1	0	112338
8	102596	665.0	0	102596
9	97873	166.3	0	96663 1210
10	95444	41.6	1	91241 4203
11	98787	10.4	1	94424 4363
12	109581	2.6	1	104689 4892
13	101471	0.6	1	98098 3373
14	115317	0.6	1	109710 5607
15	116303	0.6	1	110873 5430
16	105683	0.6	1	100868 4815
17	102817	0.6	1	97620 5197
18	90293	0.6	1	86156 4137
19	188787	0.6	1	180246 8541
20	37454	0.6	1	35079 2375
21	27949	0.6	1	26438 1511
22	71075	0.6	1	67903 3172
23	85329	0.6	1	81538 3791
24	159381	0.6	1	151528 7853
25	48220	0.6	1	45437 2783
26	85412	0.6	1	81817 3595
27	151919	0.6	1	145622 6297
28	41847	0.6	1	39762 2085
29	83383	0.6	1	80265 3118
30	53450	0.6	1	51257 2193
31	40800	0.6	1	39207 1593
32	63586	0.6	1	61261 2325
33	39858	0.6	1	38336 1522
34	59704	0.6	1	57167 2537
35	241747	0.6	1	235188 6559
36	28334	0.6	1	27127 1207
37	23975	0.6	1	22967 1008
38	16289	0.6	1	15415 874
39	68622	0.6	1	66616 2006
40	36555	0.6	1	35209 1346
41	10696	0.6	1	10067 629
42	12086	0.6	1	11477 609
43	43164	0.6	1	41791 1373
44	13035	0.6	1	12321 714
45	65885	0.6	1	63855 2030
46	9509	0.6	1	8939 570
47	15611	0.6	1	14899 712
48	30393	0.6	1	29381 1012
49	9952	0.6	1	9421 531
50	16598	0.6	1	15948 650
51	12211	0.6	1	11686 525
52	16904	0.6	1	16319 585
53	2028	0.6	1	1761 267
54	11685	0.6	1	11250 435
55	16937	0.6	1	16356 581
56	7031	0.6	1	6669 362
57	15060	0.6	1	14531 529
58	13584	0.6	1	13105 479
59	3908	0.6	1	3671 237
60	3149	0.6	1	2969 180
61	3335	0.6	1	3133 202
62	7849	0.6	1	7503 346
63	1265	0.6	1	1137 128
64	4414	0.6	1	4190 224
65	1954	0.6	1	1773 181
66	2971	0.6	1	2746 225
67	4557	0.6	1	4284 273
68	1964	0.6	1	1764 200
69	1127	0.6	1	1007 120
70	3109	0.6	1	2926 183
71	797	0.6	1	682 115
72	1549	0.6	1	1382 167
73	2265	0.6	1	2098 167
74	2252	0.6	1	2125 127
75	1418	0.6	1	1306 112
76	482	0.6	1	397 85
77	685	0.6	1	590 95
78	988	0.6	1	896 92
79	1069	0.6	1	969 100
80	1048	0.6	1	905 143
81	959	0.6	1	822 137
82	889	0.6	1	748 141
83	777	0.6	1	691 86
84	731	0.6	1	619 112
85	754	0.6	1	656 98
86	710	0.6	1	634 76
87	755	0.6	1	674 81
88	730	0.6	1	658 72
89	640	0.6	1	558 82
90	611	0.6	1	498 113
91	516	0.6	1	420 96
92	505	0.6	1	425 80
93	416	0.6	1	352 64
94	448	0.6	1	315 133
95	386	0.6	1	298 88
96	393	0.6	1	342 51
97	328	0.6	1	282 46
98	369	0.6	1	300 69
99	322	0.6	1	280 42
100	370	0.6	1	237 133
101	294	0.6	1	225 69
102	236	0.6	1	188 48
103	227	0.6	1	173 54
104	203	0.6	1	161 42
105	202	0.6	1	166 36
106	249	0.6	1	184 65
107	272	0.6	1	167 105
108	190	0.6	1	143 47
109	238	0.6	1	150 88
110	205	0.6	1	136 69
111	178	0.6	1	113 65
112	161	0.6	1	113 48
113	163	0.6	1	100 63
114	145	0.6	1	101 44
115	137	0.6	1	87 50
116	150	0.6	1	81 69
117	151	0.6	1	89 62
118	142	0.6	1	97 45
119	152	0.6	1	85 67
120	129	0.6	1	69 60
121	93	0.6	1	63 30
122	101	0.6	1	54 47
123	105	0.6	1	53 52
124	93	0.6	1	40 53
125	84	0.6	1	53 31
126	138	0.6	1	44 94
127	111	0.6	1	44 67
128	96	0.6	1	41 55
129	93	0.6	1	40 53
130	98	0.6	1	51 47
131	59	0.6	1	25 34
132	72	0.6	1	35 37
133	80	0.6	1	30 50
134	173	0.6	1	122 51
135	61	0.6	1	31 30
136	70	0.6	1	29 41
137	110	0.6	1	46 64
138	84	0.6	1	61 23
139	53	0.6	1	33 20
140	55	0.6	1	32 23
141	162	0.6	1	132 30
142	58	0.6	1	35 23
143	55	0.6	1	31 24
144	47	0.6	1	27 20
145	43	0.6	1	18 25
146	38	0.6	1	20 18
147	166	0.6	1	33 133
148	94	0.6	1	22 72
149	70	0.6	1	25 45
150	1594	0.6	1	1420 174

RUN STATISTICS FOR INPUT FILE: raw/21_R2_001.fastq.gz
=============================================
43583277 sequences processed in total

Total number of sequences analysed for the sequence pair length validation: 43583277

Number of sequence pairs removed because at least one read was shorter than the length cutoff (20 bp): 66011 (0.15%)
