
SUMMARISING RUN PARAMETERS
==========================
Input filename: raw/22_R2_001.fastq.gz
Trimming mode: paired-end
Trim Galore version: 0.6.6
Cutadapt version: 4.1
Python version: 3.9.12
Number of cores used for trimming: 8
Quality Phred score cutoff: 20
Quality encoding type selected: ASCII+33
Adapter sequence: 'AGATCGGAAGAGC' (Illumina TruSeq, Sanger iPCR; user defined)
Maximum trimming error rate: 0.1 (default)
Minimum required adapter overlap (stringency): 3 bp
Minimum required sequence length for both reads before a sequence pair gets removed: 20 bp
Output file will be GZIP compressed


This is cutadapt 4.1 with Python 3.9.12
Command line parameters: -j 8 -e 0.1 -q 20 -O 3 -a AGATCGGAAGAGC raw/22_R2_001.fastq.gz
Processing single-end reads on 8 cores ...
Finished in 500.59 s (11 µs/read; 5.41 M reads/minute).

=== Summary ===

Total reads processed:              45,118,425
Reads with adapters:                 4,946,559 (11.0%)
Reads written (passing filters):    45,118,425 (100.0%)

Total basepairs processed: 6,767,763,750 bp
Quality-trimmed:              27,957,689 bp (0.4%)
Total written (filtered):  6,651,797,436 bp (98.3%)

=== Adapter 1 ===

Sequence: AGATCGGAAGAGC; Type: regular 3'; Length: 13; Trimmed: 4946559 times

Minimum overlap: 3
No. of allowed errors:
1-9 bp: 0; 10-13 bp: 1

Bases preceding removed adapters:
  A: 22.7%
  C: 30.3%
  G: 28.5%
  T: 18.5%
  none/other: 0.1%

Overview of removed sequences
length	count	expect	max.err	error counts
3	1033852	704975.4	0	1033852
4	336137	176243.8	0	336137
5	169489	44061.0	0	169489
6	127352	11015.2	0	127352
7	114581	2753.8	0	114581
8	107127	688.5	0	107127
9	101499	172.1	0	100207 1292
10	100432	43.0	1	95728 4704
11	100651	10.8	1	96273 4378
12	109781	2.7	1	105125 4656
13	101817	0.7	1	98525 3292
14	113996	0.7	1	108700 5296
15	115656	0.7	1	110657 4999
16	104949	0.7	1	100508 4441
17	105153	0.7	1	99895 5258
18	92393	0.7	1	88371 4022
19	193471	0.7	1	185012 8459
20	39203	0.7	1	36916 2287
21	28159	0.7	1	26857 1302
22	70449	0.7	1	67644 2805
23	84592	0.7	1	81137 3455
24	163959	0.7	1	156370 7589
25	47562	0.7	1	44993 2569
26	85603	0.7	1	82300 3303
27	151158	0.7	1	145589 5569
28	50872	0.7	1	48889 1983
29	78800	0.7	1	76247 2553
30	74865	0.7	1	72511 2354
31	14386	0.7	1	13536 850
32	113122	0.7	1	109742 3380
33	50690	0.7	1	49222 1468
34	29439	0.7	1	28348 1091
35	44259	0.7	1	42769 1490
36	90664	0.7	1	88048 2616
37	40702	0.7	1	39410 1292
38	70855	0.7	1	69106 1749
39	23810	0.7	1	23035 775
40	28902	0.7	1	27994 908
41	85490	0.7	1	83772 1718
42	17957	0.7	1	17319 638
43	13947	0.7	1	13463 484
44	27637	0.7	1	26670 967
45	57542	0.7	1	56276 1266
46	9033	0.7	1	8578 455
47	16083	0.7	1	15450 633
48	33418	0.7	1	32585 833
49	7134	0.7	1	6793 341
50	16232	0.7	1	15725 507
51	11790	0.7	1	11361 429
52	16326	0.7	1	15810 516
53	1534	0.7	1	1320 214
54	10253	0.7	1	9915 338
55	14139	0.7	1	13715 424
56	6202	0.7	1	5913 289
57	15532	0.7	1	15029 503
58	11049	0.7	1	10685 364
59	3197	0.7	1	3027 170
60	2840	0.7	1	2661 179
61	2615	0.7	1	2414 201
62	6755	0.7	1	6484 271
63	997	0.7	1	894 103
64	3899	0.7	1	3711 188
65	1462	0.7	1	1328 134
66	2633	0.7	1	2500 133
67	3941	0.7	1	3746 195
68	1574	0.7	1	1434 140
69	999	0.7	1	882 117
70	2766	0.7	1	2613 153
71	779	0.7	1	667 112
72	1250	0.7	1	1129 121
73	1862	0.7	1	1701 161
74	1980	0.7	1	1852 128
75	1440	0.7	1	1333 107
76	525	0.7	1	436 89
77	691	0.7	1	599 92
78	1004	0.7	1	911 93
79	1097	0.7	1	984 113
80	959	0.7	1	882 77
81	908	0.7	1	810 98
82	816	0.7	1	741 75
83	745	0.7	1	651 94
84	685	0.7	1	596 89
85	674	0.7	1	600 74
86	679	0.7	1	600 79
87	744	0.7	1	662 82
88	688	0.7	1	615 73
89	686	0.7	1	584 102
90	598	0.7	1	492 106
91	525	0.7	1	444 81
92	477	0.7	1	394 83
93	409	0.7	1	334 75
94	434	0.7	1	346 88
95	451	0.7	1	339 112
96	393	0.7	1	331 62
97	355	0.7	1	286 69
98	347	0.7	1	293 54
99	344	0.7	1	279 65
100	329	0.7	1	260 69
101	329	0.7	1	273 56
102	261	0.7	1	219 42
103	255	0.7	1	189 66
104	289	0.7	1	224 65
105	241	0.7	1	180 61
106	230	0.7	1	172 58
107	247	0.7	1	196 51
108	257	0.7	1	186 71
109	245	0.7	1	188 57
110	218	0.7	1	152 66
111	231	0.7	1	156 75
112	167	0.7	1	120 47
113	182	0.7	1	120 62
114	190	0.7	1	134 56
115	141	0.7	1	113 28
116	185	0.7	1	123 62
117	171	0.7	1	127 44
118	151	0.7	1	107 44
119	149	0.7	1	100 49
120	118	0.7	1	76 42
121	133	0.7	1	86 47
122	110	0.7	1	72 38
123	115	0.7	1	77 38
124	93	0.7	1	63 30
125	88	0.7	1	61 27
126	125	0.7	1	72 53
127	78	0.7	1	52 26
128	78	0.7	1	39 39
129	63	0.7	1	39 24
130	81	0.7	1	47 34
131	45	0.7	1	28 17
132	53	0.7	1	38 15
133	51	0.7	1	28 23
134	270	0.7	1	234 36
135	85	0.7	1	59 26
136	56	0.7	1	30 26
137	92	0.7	1	45 47
138	91	0.7	1	76 15
139	40	0.7	1	26 14
140	51	0.7	1	34 17
141	232	0.7	1	206 26
142	55	0.7	1	46 9
143	55	0.7	1	36 19
144	43	0.7	1	35 8
145	55	0.7	1	34 21
146	52	0.7	1	26 26
147	77	0.7	1	27 50
148	56	0.7	1	25 31
149	68	0.7	1	37 31
150	1574	0.7	1	1318 256

RUN STATISTICS FOR INPUT FILE: raw/22_R2_001.fastq.gz
=============================================
45118425 sequences processed in total

Total number of sequences analysed for the sequence pair length validation: 45118425

Number of sequence pairs removed because at least one read was shorter than the length cutoff (20 bp): 129470 (0.29%)
