
SUMMARISING RUN PARAMETERS
==========================
Input filename: raw/22_R1_001.fastq.gz
Trimming mode: paired-end
Trim Galore version: 0.6.6
Cutadapt version: 4.1
Python version: 3.9.12
Number of cores used for trimming: 8
Quality Phred score cutoff: 20
Quality encoding type selected: ASCII+33
Adapter sequence: 'AGATCGGAAGAGC' (Illumina TruSeq, Sanger iPCR; user defined)
Maximum trimming error rate: 0.1 (default)
Minimum required adapter overlap (stringency): 3 bp
Minimum required sequence length for both reads before a sequence pair gets removed: 20 bp
Output file will be GZIP compressed


This is cutadapt 4.1 with Python 3.9.12
Command line parameters: -j 8 -e 0.1 -q 20 -O 3 -a AGATCGGAAGAGC raw/22_R1_001.fastq.gz
Processing single-end reads on 8 cores ...
Finished in 497.25 s (11 µs/read; 5.44 M reads/minute).

=== Summary ===

Total reads processed:              45,118,425
Reads with adapters:                 5,095,298 (11.3%)
Reads written (passing filters):    45,118,425 (100.0%)

Total basepairs processed: 6,767,763,750 bp
Quality-trimmed:              15,633,177 bp (0.2%)
Total written (filtered):  6,643,523,881 bp (98.2%)

=== Adapter 1 ===

Sequence: AGATCGGAAGAGC; Type: regular 3'; Length: 13; Trimmed: 5095298 times

Minimum overlap: 3
No. of allowed errors:
1-9 bp: 0; 10-13 bp: 1

Bases preceding removed adapters:
  A: 22.8%
  C: 27.3%
  G: 27.9%
  T: 19.7%
  none/other: 2.3%

Overview of removed sequences
length	count	expect	max.err	error counts
3	1064741	704975.4	0	1064741
4	341957	176243.8	0	341957
5	168730	44061.0	0	168730
6	126694	11015.2	0	126694
7	114226	2753.8	0	114226
8	106069	688.5	0	106069
9	101148	172.1	0	99693 1455
10	97750	43.0	1	93805 3945
11	100893	10.8	1	96567 4326
12	101467	2.7	1	97730 3737
13	107715	0.7	1	103569 4146
14	111896	0.7	1	107468 4428
15	113032	0.7	1	108317 4715
16	109257	0.7	1	104896 4361
17	103277	0.7	1	99117 4160
18	89200	0.7	1	86260 2940
19	84413	0.7	1	81365 3048
20	79843	0.7	1	76524 3319
21	79304	0.7	1	76054 3250
22	80215	0.7	1	77520 2695
23	83976	0.7	1	80827 3149
24	87244	0.7	1	83874 3370
25	90187	0.7	1	86590 3597
26	85417	0.7	1	82343 3074
27	80743	0.7	1	77438 3305
28	74607	0.7	1	71191 3416
29	65568	0.7	1	63069 2499
30	57927	0.7	1	55824 2103
31	56700	0.7	1	54478 2222
32	58119	0.7	1	55655 2464
33	58549	0.7	1	56229 2320
34	61444	0.7	1	58830 2614
35	61337	0.7	1	59194 2143
36	61570	0.7	1	59254 2316
37	59310	0.7	1	57054 2256
38	46276	0.7	1	44832 1444
39	44871	0.7	1	43245 1626
40	36514	0.7	1	35301 1213
41	35419	0.7	1	33918 1501
42	35386	0.7	1	34023 1363
43	32940	0.7	1	31771 1169
44	52801	0.7	1	50984 1817
45	25968	0.7	1	25123 845
46	30803	0.7	1	29970 833
47	26211	0.7	1	25401 810
48	27243	0.7	1	26344 899
49	23196	0.7	1	22367 829
50	20253	0.7	1	19496 757
51	17205	0.7	1	16544 661
52	19052	0.7	1	18353 699
53	21881	0.7	1	21154 727
54	15997	0.7	1	15444 553
55	20440	0.7	1	19868 572
56	26974	0.7	1	26295 679
57	22481	0.7	1	21901 580
58	13670	0.7	1	13321 349
59	6358	0.7	1	6148 210
60	3493	0.7	1	3341 152
61	1841	0.7	1	1720 121
62	2117	0.7	1	1995 122
63	1850	0.7	1	1720 130
64	1430	0.7	1	1333 97
65	934	0.7	1	844 90
66	1075	0.7	1	981 94
67	1711	0.7	1	1610 101
68	2239	0.7	1	2144 95
69	1933	0.7	1	1818 115
70	1600	0.7	1	1498 102
71	1378	0.7	1	1280 98
72	1402	0.7	1	1293 109
73	1358	0.7	1	1263 95
74	1456	0.7	1	1374 82
75	1616	0.7	1	1528 88
76	1634	0.7	1	1547 87
77	1619	0.7	1	1518 101
78	1589	0.7	1	1492 97
79	1395	0.7	1	1289 106
80	1059	0.7	1	998 61
81	946	0.7	1	860 86
82	826	0.7	1	748 78
83	729	0.7	1	635 94
84	700	0.7	1	625 75
85	667	0.7	1	597 70
86	655	0.7	1	592 63
87	705	0.7	1	622 83
88	638	0.7	1	577 61
89	654	0.7	1	570 84
90	545	0.7	1	464 81
91	431	0.7	1	390 41
92	459	0.7	1	388 71
93	375	0.7	1	305 70
94	377	0.7	1	299 78
95	347	0.7	1	298 49
96	370	0.7	1	314 56
97	329	0.7	1	270 59
98	319	0.7	1	270 49
99	301	0.7	1	243 58
100	304	0.7	1	239 65
101	270	0.7	1	233 37
102	223	0.7	1	178 45
103	218	0.7	1	157 61
104	254	0.7	1	203 51
105	174	0.7	1	141 33
106	198	0.7	1	152 46
107	203	0.7	1	151 52
108	222	0.7	1	163 59
109	193	0.7	1	151 42
110	168	0.7	1	125 43
111	191	0.7	1	132 59
112	135	0.7	1	104 31
113	192	0.7	1	115 77
114	147	0.7	1	99 48
115	109	0.7	1	85 24
116	158	0.7	1	109 49
117	150	0.7	1	93 57
118	132	0.7	1	90 42
119	153	0.7	1	91 62
120	102	0.7	1	67 35
121	106	0.7	1	75 31
122	80	0.7	1	64 16
123	88	0.7	1	54 34
124	94	0.7	1	53 41
125	72	0.7	1	46 26
126	119	0.7	1	56 63
127	79	0.7	1	48 31
128	77	0.7	1	37 40
129	64	0.7	1	36 28
130	95	0.7	1	49 46
131	60	0.7	1	26 34
132	56	0.7	1	36 20
133	44	0.7	1	23 21
134	264	0.7	1	233 31
135	95	0.7	1	58 37
136	67	0.7	1	28 39
137	93	0.7	1	45 48
138	93	0.7	1	61 32
139	38	0.7	1	25 13
140	55	0.7	1	35 20
141	243	0.7	1	207 36
142	60	0.7	1	42 18
143	62	0.7	1	39 23
144	60	0.7	1	32 28
145	65	0.7	1	31 34
146	76	0.7	1	25 51
147	113	0.7	1	28 85
148	105	0.7	1	28 77
149	1791	0.7	1	27 1764
150	115522	0.7	1	1340 114182

RUN STATISTICS FOR INPUT FILE: raw/22_R1_001.fastq.gz
=============================================
45118425 sequences processed in total

