
SUMMARISING RUN PARAMETERS
==========================
Input filename: raw/23_R1_001.fastq.gz
Trimming mode: paired-end
Trim Galore version: 0.6.6
Cutadapt version: 4.1
Python version: 3.9.12
Number of cores used for trimming: 8
Quality Phred score cutoff: 20
Quality encoding type selected: ASCII+33
Adapter sequence: 'AGATCGGAAGAGC' (Illumina TruSeq, Sanger iPCR; user defined)
Maximum trimming error rate: 0.1 (default)
Minimum required adapter overlap (stringency): 3 bp
Minimum required sequence length for both reads before a sequence pair gets removed: 20 bp
Output file will be GZIP compressed


This is cutadapt 4.1 with Python 3.9.12
Command line parameters: -j 8 -e 0.1 -q 20 -O 3 -a AGATCGGAAGAGC raw/23_R1_001.fastq.gz
Processing single-end reads on 8 cores ...
Finished in 543.62 s (11 µs/read; 5.42 M reads/minute).

=== Summary ===

Total reads processed:              49,124,136
Reads with adapters:                 5,949,550 (12.1%)
Reads written (passing filters):    49,124,136 (100.0%)

Total basepairs processed: 7,368,620,400 bp
Quality-trimmed:              16,464,509 bp (0.2%)
Total written (filtered):  7,228,764,436 bp (98.1%)

=== Adapter 1 ===

Sequence: AGATCGGAAGAGC; Type: regular 3'; Length: 13; Trimmed: 5949550 times

Minimum overlap: 3
No. of allowed errors:
1-9 bp: 0; 10-13 bp: 1

Bases preceding removed adapters:
  A: 23.2%
  C: 26.6%
  G: 29.0%
  T: 19.7%
  none/other: 1.5%

Overview of removed sequences
length	count	expect	max.err	error counts
3	1160331	767564.6	0	1160331
4	388114	191891.2	0	388114
5	199213	47972.8	0	199213
6	153595	11993.2	0	153595
7	136112	2998.3	0	136112
8	125520	749.6	0	125520
9	120840	187.4	0	119421 1419
10	115000	46.8	1	110502 4498
11	119705	11.7	1	115180 4525
12	121421	2.9	1	117663 3758
13	130176	0.7	1	125670 4506
14	136078	0.7	1	131342 4736
15	137383	0.7	1	132544 4839
16	131754	0.7	1	127288 4466
17	122028	0.7	1	117826 4202
18	107438	0.7	1	104498 2940
19	100548	0.7	1	97332 3216
20	95331	0.7	1	91907 3424
21	95596	0.7	1	92219 3377
22	97002	0.7	1	94103 2899
23	102023	0.7	1	98779 3244
24	107660	0.7	1	104136 3524
25	110973	0.7	1	107415 3558
26	104237	0.7	1	101194 3043
27	97679	0.7	1	94360 3319
28	88212	0.7	1	84846 3366
29	77590	0.7	1	74909 2681
30	69329	0.7	1	67268 2061
31	68173	0.7	1	65871 2302
32	70118	0.7	1	67498 2620
33	69965	0.7	1	67758 2207
34	77798	0.7	1	74794 3004
35	76822	0.7	1	74497 2325
36	71969	0.7	1	69903 2066
37	68827	0.7	1	66857 1970
38	60898	0.7	1	59150 1748
39	53866	0.7	1	52172 1694
40	44760	0.7	1	43164 1596
41	43712	0.7	1	42220 1492
42	42677	0.7	1	41363 1314
43	41822	0.7	1	40528 1294
44	62793	0.7	1	61087 1706
45	32429	0.7	1	31662 767
46	33940	0.7	1	33120 820
47	36100	0.7	1	35189 911
48	32968	0.7	1	32112 856
49	28624	0.7	1	27722 902
50	24556	0.7	1	23787 769
51	21186	0.7	1	20525 661
52	20831	0.7	1	20175 656
53	21443	0.7	1	20752 691
54	19093	0.7	1	18524 569
55	20726	0.7	1	20164 562
56	23978	0.7	1	23384 594
57	23329	0.7	1	22781 548
58	20569	0.7	1	20082 487
59	12873	0.7	1	12551 322
60	8316	0.7	1	8139 177
61	5005	0.7	1	4829 176
62	5395	0.7	1	5205 190
63	5230	0.7	1	5063 167
64	4275	0.7	1	4149 126
65	2519	0.7	1	2389 130
66	2557	0.7	1	2410 147
67	3360	0.7	1	3221 139
68	3621	0.7	1	3474 147
69	3185	0.7	1	3053 132
70	2710	0.7	1	2556 154
71	2291	0.7	1	2163 128
72	2082	0.7	1	1944 138
73	1998	0.7	1	1880 118
74	1942	0.7	1	1860 82
75	2143	0.7	1	2032 111
76	2035	0.7	1	1915 120
77	1992	0.7	1	1894 98
78	1841	0.7	1	1748 93
79	1584	0.7	1	1485 99
80	1323	0.7	1	1214 109
81	1234	0.7	1	1112 122
82	970	0.7	1	854 116
83	886	0.7	1	816 70
84	807	0.7	1	731 76
85	762	0.7	1	705 57
86	826	0.7	1	755 71
87	789	0.7	1	728 61
88	764	0.7	1	697 67
89	756	0.7	1	664 92
90	682	0.7	1	583 99
91	532	0.7	1	468 64
92	508	0.7	1	425 83
93	409	0.7	1	370 39
94	473	0.7	1	360 113
95	417	0.7	1	325 92
96	361	0.7	1	320 41
97	383	0.7	1	325 58
98	335	0.7	1	288 47
99	317	0.7	1	278 39
100	405	0.7	1	269 136
101	282	0.7	1	221 61
102	271	0.7	1	207 64
103	234	0.7	1	186 48
104	217	0.7	1	178 39
105	210	0.7	1	170 40
106	204	0.7	1	155 49
107	253	0.7	1	174 79
108	223	0.7	1	167 56
109	214	0.7	1	142 72
110	187	0.7	1	137 50
111	194	0.7	1	119 75
112	112	0.7	1	85 27
113	183	0.7	1	115 68
114	150	0.7	1	101 49
115	140	0.7	1	109 31
116	158	0.7	1	107 51
117	168	0.7	1	115 53
118	213	0.7	1	166 47
119	254	0.7	1	181 73
120	154	0.7	1	82 72
121	192	0.7	1	149 43
122	143	0.7	1	76 67
123	133	0.7	1	54 79
124	112	0.7	1	56 56
125	76	0.7	1	46 30
126	136	0.7	1	46 90
127	113	0.7	1	60 53
128	83	0.7	1	32 51
129	91	0.7	1	31 60
130	84	0.7	1	37 47
131	123	0.7	1	82 41
132	100	0.7	1	58 42
133	79	0.7	1	32 47
134	241	0.7	1	199 42
135	110	0.7	1	51 59
136	59	0.7	1	16 43
137	122	0.7	1	62 60
138	88	0.7	1	60 28
139	82	0.7	1	56 26
140	61	0.7	1	30 31
141	235	0.7	1	197 38
142	80	0.7	1	53 27
143	55	0.7	1	31 24
144	41	0.7	1	18 23
145	57	0.7	1	28 29
146	40	0.7	1	17 23
147	175	0.7	1	36 139
148	99	0.7	1	15 84
149	1458	0.7	1	34 1424
150	85308	0.7	1	1738 83570

RUN STATISTICS FOR INPUT FILE: raw/23_R1_001.fastq.gz
=============================================
49124136 sequences processed in total

