
SUMMARISING RUN PARAMETERS
==========================
Input filename: raw/23_R2_001.fastq.gz
Trimming mode: paired-end
Trim Galore version: 0.6.6
Cutadapt version: 4.1
Python version: 3.9.12
Number of cores used for trimming: 8
Quality Phred score cutoff: 20
Quality encoding type selected: ASCII+33
Adapter sequence: 'AGATCGGAAGAGC' (Illumina TruSeq, Sanger iPCR; user defined)
Maximum trimming error rate: 0.1 (default)
Minimum required adapter overlap (stringency): 3 bp
Minimum required sequence length for both reads before a sequence pair gets removed: 20 bp
Output file will be GZIP compressed


This is cutadapt 4.1 with Python 3.9.12
Command line parameters: -j 8 -e 0.1 -q 20 -O 3 -a AGATCGGAAGAGC raw/23_R2_001.fastq.gz
Processing single-end reads on 8 cores ...
Finished in 545.10 s (11 µs/read; 5.41 M reads/minute).

=== Summary ===

Total reads processed:              49,124,136
Reads with adapters:                 5,825,872 (11.9%)
Reads written (passing filters):    49,124,136 (100.0%)

Total basepairs processed: 7,368,620,400 bp
Quality-trimmed:              29,224,234 bp (0.4%)
Total written (filtered):  7,233,712,085 bp (98.2%)

=== Adapter 1 ===

Sequence: AGATCGGAAGAGC; Type: regular 3'; Length: 13; Trimmed: 5825872 times

Minimum overlap: 3
No. of allowed errors:
1-9 bp: 0; 10-13 bp: 1

Bases preceding removed adapters:
  A: 23.1%
  C: 29.1%
  G: 29.1%
  T: 18.6%
  none/other: 0.1%

Overview of removed sequences
length	count	expect	max.err	error counts
3	1136285	767564.6	0	1136285
4	381630	191891.2	0	381630
5	197630	47972.8	0	197630
6	152993	11993.2	0	152993
7	135317	2998.3	0	135317
8	125529	749.6	0	125529
9	119611	187.4	0	118266 1345
10	117300	46.8	1	111406 5894
11	120178	11.7	1	114172 6006
12	130190	2.9	1	123690 6500
13	123752	0.7	1	118703 5049
14	137815	0.7	1	130575 7240
15	139981	0.7	1	132999 6982
16	126999	0.7	1	120828 6171
17	122708	0.7	1	116214 6494
18	111941	0.7	1	106150 5791
19	226012	0.7	1	215027 10985
20	50865	0.7	1	47571 3294
21	34359	0.7	1	32341 2018
22	85066	0.7	1	81047 4019
23	102385	0.7	1	97355 5030
24	190544	0.7	1	180849 9695
25	60052	0.7	1	56454 3598
26	105575	0.7	1	100686 4889
27	193272	0.7	1	184989 8283
28	57127	0.7	1	54268 2859
29	103493	0.7	1	99377 4116
30	85095	0.7	1	81872 3223
31	22682	0.7	1	21309 1373
32	107746	0.7	1	103374 4372
33	158962	0.7	1	154286 4676
34	31439	0.7	1	29822 1617
35	70530	0.7	1	67921 2609
36	82472	0.7	1	79377 3095
37	13709	0.7	1	12728 981
38	45595	0.7	1	43751 1844
39	160553	0.7	1	156163 4390
40	14421	0.7	1	13535 886
41	22931	0.7	1	21894 1037
42	13960	0.7	1	13179 781
43	47846	0.7	1	46134 1712
44	15186	0.7	1	14258 928
45	72806	0.7	1	70446 2360
46	8060	0.7	1	7421 639
47	20767	0.7	1	19863 904
48	29389	0.7	1	28327 1062
49	11304	0.7	1	10732 572
50	17238	0.7	1	16447 791
51	15156	0.7	1	14542 614
52	18049	0.7	1	17368 681
53	2229	0.7	1	1935 294
54	13200	0.7	1	12702 498
55	17224	0.7	1	16523 701
56	8049	0.7	1	7595 454
57	17997	0.7	1	17280 717
58	14388	0.7	1	13810 578
59	3970	0.7	1	3699 271
60	3532	0.7	1	3287 245
61	3195	0.7	1	2961 234
62	8269	0.7	1	7838 431
63	1468	0.7	1	1317 151
64	5082	0.7	1	4810 272
65	2049	0.7	1	1840 209
66	3378	0.7	1	3169 209
67	4908	0.7	1	4637 271
68	2139	0.7	1	1947 192
69	1216	0.7	1	1064 152
70	3409	0.7	1	3187 222
71	853	0.7	1	707 146
72	1723	0.7	1	1534 189
73	2498	0.7	1	2333 165
74	2508	0.7	1	2365 143
75	1556	0.7	1	1438 118
76	548	0.7	1	438 110
77	736	0.7	1	646 90
78	1133	0.7	1	1028 105
79	1189	0.7	1	1059 130
80	1045	0.7	1	938 107
81	1083	0.7	1	937 146
82	918	0.7	1	794 124
83	846	0.7	1	746 100
84	803	0.7	1	700 103
85	761	0.7	1	673 88
86	753	0.7	1	681 72
87	802	0.7	1	719 83
88	757	0.7	1	679 78
89	729	0.7	1	655 74
90	692	0.7	1	578 114
91	565	0.7	1	478 87
92	513	0.7	1	430 83
93	432	0.7	1	373 59
94	494	0.7	1	362 132
95	427	0.7	1	334 93
96	387	0.7	1	317 70
97	393	0.7	1	343 50
98	360	0.7	1	295 65
99	347	0.7	1	306 41
100	388	0.7	1	269 119
101	332	0.7	1	244 88
102	289	0.7	1	233 56
103	258	0.7	1	199 59
104	248	0.7	1	199 49
105	219	0.7	1	181 38
106	243	0.7	1	171 72
107	278	0.7	1	182 96
108	225	0.7	1	181 44
109	234	0.7	1	160 74
110	230	0.7	1	158 72
111	201	0.7	1	114 87
112	121	0.7	1	103 18
113	207	0.7	1	129 78
114	153	0.7	1	113 40
115	170	0.7	1	110 60
116	188	0.7	1	115 73
117	193	0.7	1	112 81
118	145	0.7	1	104 41
119	211	0.7	1	118 93
120	156	0.7	1	83 73
121	173	0.7	1	101 72
122	130	0.7	1	69 61
123	125	0.7	1	68 57
124	94	0.7	1	59 35
125	94	0.7	1	54 40
126	137	0.7	1	53 84
127	112	0.7	1	57 55
128	76	0.7	1	32 44
129	87	0.7	1	35 52
130	86	0.7	1	41 45
131	123	0.7	1	93 30
132	98	0.7	1	61 37
133	90	0.7	1	32 58
134	238	0.7	1	199 39
135	127	0.7	1	57 70
136	66	0.7	1	19 47
137	118	0.7	1	66 52
138	111	0.7	1	80 31
139	71	0.7	1	56 15
140	50	0.7	1	28 22
141	214	0.7	1	191 23
142	71	0.7	1	51 20
143	46	0.7	1	30 16
144	34	0.7	1	18 16
145	56	0.7	1	26 30
146	40	0.7	1	17 23
147	147	0.7	1	33 114
148	61	0.7	1	13 48
149	107	0.7	1	40 67
150	2143	0.7	1	1713 430

RUN STATISTICS FOR INPUT FILE: raw/23_R2_001.fastq.gz
=============================================
49124136 sequences processed in total

Total number of sequences analysed for the sequence pair length validation: 49124136

Number of sequence pairs removed because at least one read was shorter than the length cutoff (20 bp): 97593 (0.20%)
