
SUMMARISING RUN PARAMETERS
==========================
Input filename: raw/24_R2_001.fastq.gz
Trimming mode: paired-end
Trim Galore version: 0.6.6
Cutadapt version: 4.1
Python version: 3.9.12
Number of cores used for trimming: 8
Quality Phred score cutoff: 20
Quality encoding type selected: ASCII+33
Adapter sequence: 'AGATCGGAAGAGC' (Illumina TruSeq, Sanger iPCR; user defined)
Maximum trimming error rate: 0.1 (default)
Minimum required adapter overlap (stringency): 3 bp
Minimum required sequence length for both reads before a sequence pair gets removed: 20 bp
Output file will be GZIP compressed


This is cutadapt 4.1 with Python 3.9.12
Command line parameters: -j 8 -e 0.1 -q 20 -O 3 -a AGATCGGAAGAGC raw/24_R2_001.fastq.gz
Processing single-end reads on 8 cores ...
Finished in 468.73 s (11 µs/read; 5.42 M reads/minute).

=== Summary ===

Total reads processed:              42,338,772
Reads with adapters:                 4,603,501 (10.9%)
Reads written (passing filters):    42,338,772 (100.0%)

Total basepairs processed: 6,350,815,800 bp
Quality-trimmed:              22,459,251 bp (0.4%)
Total written (filtered):  6,247,210,517 bp (98.4%)

=== Adapter 1 ===

Sequence: AGATCGGAAGAGC; Type: regular 3'; Length: 13; Trimmed: 4603501 times

Minimum overlap: 3
No. of allowed errors:
1-9 bp: 0; 10-13 bp: 1

Bases preceding removed adapters:
  A: 23.2%
  C: 29.4%
  G: 29.3%
  T: 18.1%
  none/other: 0.1%

Overview of removed sequences
length	count	expect	max.err	error counts
3	955105	661543.3	0	955105
4	319486	165385.8	0	319486
5	161365	41346.5	0	161365
6	120756	10336.6	0	120756
7	107207	2584.2	0	107207
8	98775	646.0	0	98775
9	94849	161.5	0	93643 1206
10	92754	40.4	1	88900 3854
11	94692	10.1	1	90922 3770
12	100275	2.5	1	96322 3953
13	100112	0.6	1	96759 3353
14	108327	0.6	1	104066 4261
15	109913	0.6	1	105615 4298
16	99775	0.6	1	95809 3966
17	96077	0.6	1	91998 4079
18	87136	0.6	1	83436 3700
19	160908	0.6	1	154205 6703
20	56538	0.6	1	54102 2436
21	26711	0.6	1	25397 1314
22	65341	0.6	1	62682 2659
23	79656	0.6	1	76561 3095
24	144048	0.6	1	138242 5806
25	45750	0.6	1	43460 2290
26	80212	0.6	1	77326 2886
27	145746	0.6	1	140675 5071
28	42499	0.6	1	40831 1668
29	74123	0.6	1	71813 2310
30	59274	0.6	1	57405 1869
31	23512	0.6	1	22502 1010
32	64428	0.6	1	62432 1996
33	77534	0.6	1	75428 2106
34	40694	0.6	1	39280 1414
35	168304	0.6	1	164512 3792
36	58682	0.6	1	56990 1692
37	19717	0.6	1	18921 796
38	25768	0.6	1	25003 765
39	25215	0.6	1	24501 714
40	16986	0.6	1	16389 597
41	23554	0.6	1	22827 727
42	17401	0.6	1	16781 620
43	37328	0.6	1	36315 1013
44	12645	0.6	1	12061 584
45	52657	0.6	1	51340 1317
46	5680	0.6	1	5331 349
47	17091	0.6	1	16499 592
48	23347	0.6	1	22642 705
49	8813	0.6	1	8466 347
50	12976	0.6	1	12504 472
51	11362	0.6	1	10920 442
52	14224	0.6	1	13775 449
53	1791	0.6	1	1615 176
54	10366	0.6	1	10020 346
55	13210	0.6	1	12821 389
56	6227	0.6	1	5999 228
57	13502	0.6	1	13021 481
58	10946	0.6	1	10598 348
59	3136	0.6	1	2952 184
60	2942	0.6	1	2774 168
61	2476	0.6	1	2298 178
62	6373	0.6	1	6098 275
63	1181	0.6	1	1031 150
64	3740	0.6	1	3560 180
65	1520	0.6	1	1382 138
66	2544	0.6	1	2357 187
67	3812	0.6	1	3624 188
68	1605	0.6	1	1489 116
69	954	0.6	1	844 110
70	2722	0.6	1	2560 162
71	706	0.6	1	534 172
72	1374	0.6	1	1242 132
73	2054	0.6	1	1856 198
74	1940	0.6	1	1794 146
75	1169	0.6	1	1073 96
76	447	0.6	1	347 100
77	548	0.6	1	471 77
78	837	0.6	1	726 111
79	955	0.6	1	846 109
80	881	0.6	1	784 97
81	798	0.6	1	677 121
82	787	0.6	1	625 162
83	689	0.6	1	557 132
84	609	0.6	1	501 108
85	631	0.6	1	550 81
86	645	0.6	1	551 94
87	644	0.6	1	566 78
88	664	0.6	1	561 103
89	575	0.6	1	498 77
90	581	0.6	1	431 150
91	470	0.6	1	389 81
92	461	0.6	1	373 88
93	382	0.6	1	319 63
94	407	0.6	1	289 118
95	355	0.6	1	256 99
96	328	0.6	1	263 65
97	312	0.6	1	265 47
98	328	0.6	1	281 47
99	318	0.6	1	257 61
100	311	0.6	1	241 70
101	259	0.6	1	204 55
102	232	0.6	1	191 41
103	234	0.6	1	188 46
104	228	0.6	1	181 47
105	184	0.6	1	140 44
106	203	0.6	1	159 44
107	222	0.6	1	156 66
108	260	0.6	1	164 96
109	204	0.6	1	143 61
110	182	0.6	1	125 57
111	192	0.6	1	116 76
112	177	0.6	1	127 50
113	187	0.6	1	112 75
114	128	0.6	1	91 37
115	133	0.6	1	93 40
116	157	0.6	1	87 70
117	191	0.6	1	126 65
118	134	0.6	1	79 55
119	161	0.6	1	99 62
120	129	0.6	1	81 48
121	157	0.6	1	68 89
122	132	0.6	1	74 58
123	136	0.6	1	69 67
124	139	0.6	1	68 71
125	83	0.6	1	54 29
126	140	0.6	1	49 91
127	98	0.6	1	55 43
128	85	0.6	1	46 39
129	92	0.6	1	50 42
130	114	0.6	1	54 60
131	91	0.6	1	43 48
132	78	0.6	1	42 36
133	80	0.6	1	36 44
134	186	0.6	1	127 59
135	91	0.6	1	43 48
136	65	0.6	1	33 32
137	102	0.6	1	54 48
138	155	0.6	1	120 35
139	45	0.6	1	28 17
140	56	0.6	1	30 26
141	172	0.6	1	149 23
142	64	0.6	1	34 30
143	62	0.6	1	35 27
144	44	0.6	1	22 22
145	58	0.6	1	30 28
146	42	0.6	1	26 16
147	139	0.6	1	33 106
148	92	0.6	1	31 61
149	54	0.6	1	22 32
150	1271	0.6	1	1042 229

RUN STATISTICS FOR INPUT FILE: raw/24_R2_001.fastq.gz
=============================================
42338772 sequences processed in total

Total number of sequences analysed for the sequence pair length validation: 42338772

Number of sequence pairs removed because at least one read was shorter than the length cutoff (20 bp): 81026 (0.19%)
