
SUMMARISING RUN PARAMETERS
==========================
Input filename: raw/24_R1_001.fastq.gz
Trimming mode: paired-end
Trim Galore version: 0.6.6
Cutadapt version: 4.1
Python version: 3.9.12
Number of cores used for trimming: 8
Quality Phred score cutoff: 20
Quality encoding type selected: ASCII+33
Adapter sequence: 'AGATCGGAAGAGC' (Illumina TruSeq, Sanger iPCR; user defined)
Maximum trimming error rate: 0.1 (default)
Minimum required adapter overlap (stringency): 3 bp
Minimum required sequence length for both reads before a sequence pair gets removed: 20 bp
Output file will be GZIP compressed


This is cutadapt 4.1 with Python 3.9.12
Command line parameters: -j 8 -e 0.1 -q 20 -O 3 -a AGATCGGAAGAGC raw/24_R1_001.fastq.gz
Processing single-end reads on 8 cores ...
Finished in 465.57 s (11 µs/read; 5.46 M reads/minute).

=== Summary ===

Total reads processed:              42,338,772
Reads with adapters:                 4,684,131 (11.1%)
Reads written (passing filters):    42,338,772 (100.0%)

Total basepairs processed: 6,350,815,800 bp
Quality-trimmed:              12,295,595 bp (0.2%)
Total written (filtered):  6,244,305,991 bp (98.3%)

=== Adapter 1 ===

Sequence: AGATCGGAAGAGC; Type: regular 3'; Length: 13; Trimmed: 4684131 times

Minimum overlap: 3
No. of allowed errors:
1-9 bp: 0; 10-13 bp: 1

Bases preceding removed adapters:
  A: 23.0%
  C: 29.0%
  G: 28.8%
  T: 17.7%
  none/other: 1.5%

Overview of removed sequences
length	count	expect	max.err	error counts
3	971297	661543.3	0	971297
4	323104	165385.8	0	323104
5	161768	41346.5	0	161768
6	119987	10336.6	0	119987
7	106708	2584.2	0	106708
8	97900	646.0	0	97900
9	94800	161.5	0	93651 1149
10	91031	40.4	1	87455 3576
11	94319	10.1	1	90670 3649
12	96379	2.5	1	92952 3427
13	101972	0.6	1	98162 3810
14	107041	0.6	1	102836 4205
15	107075	0.6	1	102877 4198
16	102351	0.6	1	98496 3855
17	96079	0.6	1	92351 3728
18	83165	0.6	1	80526 2639
19	78887	0.6	1	76010 2877
20	74244	0.6	1	71164 3080
21	74134	0.6	1	71065 3069
22	75504	0.6	1	72886 2618
23	79084	0.6	1	76174 2910
24	82368	0.6	1	79231 3137
25	85612	0.6	1	82256 3356
26	79722	0.6	1	77033 2689
27	74816	0.6	1	71985 2831
28	67812	0.6	1	64954 2858
29	59554	0.6	1	57304 2250
30	52776	0.6	1	50963 1813
31	52136	0.6	1	50029 2107
32	53528	0.6	1	51339 2189
33	53652	0.6	1	51613 2039
34	55982	0.6	1	53730 2252
35	58606	0.6	1	56156 2450
36	54718	0.6	1	52942 1776
37	52639	0.6	1	50878 1761
38	43983	0.6	1	42426 1557
39	38555	0.6	1	37188 1367
40	34985	0.6	1	33603 1382
41	31184	0.6	1	30127 1057
42	32079	0.6	1	30793 1286
43	31514	0.6	1	30364 1150
44	54029	0.6	1	52206 1823
45	25363	0.6	1	24527 836
46	32279	0.6	1	31401 878
47	12624	0.6	1	12124 500
48	29284	0.6	1	28317 967
49	17532	0.6	1	16906 626
50	19675	0.6	1	18962 713
51	15038	0.6	1	14513 525
52	24883	0.6	1	24151 732
53	27807	0.6	1	27026 781
54	10657	0.6	1	10334 323
55	20872	0.6	1	20368 504
56	26320	0.6	1	25749 571
57	14091	0.6	1	13747 344
58	5744	0.6	1	5518 226
59	2495	0.6	1	2373 122
60	1204	0.6	1	1116 88
61	910	0.6	1	820 90
62	985	0.6	1	902 83
63	916	0.6	1	839 77
64	713	0.6	1	629 84
65	926	0.6	1	822 104
66	657	0.6	1	543 114
67	1430	0.6	1	1344 86
68	1828	0.6	1	1704 124
69	1570	0.6	1	1436 134
70	1280	0.6	1	1168 112
71	1249	0.6	1	1120 129
72	1264	0.6	1	1138 126
73	1417	0.6	1	1271 146
74	1456	0.6	1	1345 111
75	1550	0.6	1	1442 108
76	1619	0.6	1	1488 131
77	1567	0.6	1	1487 80
78	1460	0.6	1	1350 110
79	1224	0.6	1	1135 89
80	1048	0.6	1	946 102
81	857	0.6	1	746 111
82	837	0.6	1	715 122
83	714	0.6	1	590 124
84	630	0.6	1	531 99
85	642	0.6	1	567 75
86	639	0.6	1	570 69
87	640	0.6	1	568 72
88	594	0.6	1	536 58
89	563	0.6	1	491 72
90	541	0.6	1	432 109
91	467	0.6	1	395 72
92	412	0.6	1	348 64
93	357	0.6	1	309 48
94	398	0.6	1	262 136
95	340	0.6	1	245 95
96	289	0.6	1	231 58
97	286	0.6	1	235 51
98	304	0.6	1	260 44
99	289	0.6	1	242 47
100	279	0.6	1	200 79
101	244	0.6	1	180 64
102	202	0.6	1	162 40
103	234	0.6	1	169 65
104	196	0.6	1	151 45
105	163	0.6	1	113 50
106	184	0.6	1	140 44
107	179	0.6	1	131 48
108	230	0.6	1	141 89
109	196	0.6	1	136 60
110	168	0.6	1	111 57
111	209	0.6	1	102 107
112	148	0.6	1	99 49
113	146	0.6	1	84 62
114	127	0.6	1	82 45
115	111	0.6	1	72 39
116	145	0.6	1	74 71
117	198	0.6	1	117 81
118	158	0.6	1	109 49
119	161	0.6	1	108 53
120	160	0.6	1	80 80
121	168	0.6	1	91 77
122	119	0.6	1	74 45
123	111	0.6	1	44 67
124	118	0.6	1	59 59
125	77	0.6	1	49 28
126	136	0.6	1	46 90
127	104	0.6	1	48 56
128	91	0.6	1	46 45
129	99	0.6	1	46 53
130	102	0.6	1	45 57
131	75	0.6	1	45 30
132	56	0.6	1	38 18
133	78	0.6	1	34 44
134	176	0.6	1	130 46
135	102	0.6	1	44 58
136	83	0.6	1	34 49
137	100	0.6	1	53 47
138	149	0.6	1	111 38
139	51	0.6	1	27 24
140	69	0.6	1	30 39
141	182	0.6	1	147 35
142	85	0.6	1	38 47
143	76	0.6	1	35 41
144	49	0.6	1	23 26
145	64	0.6	1	29 35
146	56	0.6	1	27 29
147	162	0.6	1	33 129
148	120	0.6	1	37 83
149	1267	0.6	1	19 1248
150	68353	0.6	1	1045 67308

RUN STATISTICS FOR INPUT FILE: raw/24_R1_001.fastq.gz
=============================================
42338772 sequences processed in total

