
SUMMARISING RUN PARAMETERS
==========================
Input filename: raw/25_R1_001.fastq.gz
Trimming mode: paired-end
Trim Galore version: 0.6.6
Cutadapt version: 4.1
Python version: 3.9.12
Number of cores used for trimming: 8
Quality Phred score cutoff: 20
Quality encoding type selected: ASCII+33
Adapter sequence: 'AGATCGGAAGAGC' (Illumina TruSeq, Sanger iPCR; user defined)
Maximum trimming error rate: 0.1 (default)
Minimum required adapter overlap (stringency): 3 bp
Minimum required sequence length for both reads before a sequence pair gets removed: 20 bp
Output file will be GZIP compressed


This is cutadapt 4.1 with Python 3.9.12
Command line parameters: -j 8 -e 0.1 -q 20 -O 3 -a AGATCGGAAGAGC raw/25_R1_001.fastq.gz
Processing single-end reads on 8 cores ...
Finished in 487.09 s (11 µs/read; 5.43 M reads/minute).

=== Summary ===

Total reads processed:              44,048,292
Reads with adapters:                 4,696,732 (10.7%)
Reads written (passing filters):    44,048,292 (100.0%)

Total basepairs processed: 6,607,243,800 bp
Quality-trimmed:              13,062,212 bp (0.2%)
Total written (filtered):  6,500,862,287 bp (98.4%)

=== Adapter 1 ===

Sequence: AGATCGGAAGAGC; Type: regular 3'; Length: 13; Trimmed: 4696732 times

Minimum overlap: 3
No. of allowed errors:
1-9 bp: 0; 10-13 bp: 1

Bases preceding removed adapters:
  A: 23.6%
  C: 28.7%
  G: 29.0%
  T: 17.5%
  none/other: 1.1%

Overview of removed sequences
length	count	expect	max.err	error counts
3	1011476	688254.6	0	1011476
4	327609	172063.6	0	327609
5	160269	43015.9	0	160269
6	115050	10754.0	0	115050
7	102516	2688.5	0	102516
8	93517	672.1	0	93517
9	90145	168.0	0	89188 957
10	87191	42.0	1	83951 3240
11	90189	10.5	1	86845 3344
12	95018	2.6	1	92080 2938
13	99446	0.7	1	96188 3258
14	106177	0.7	1	102617 3560
15	104210	0.7	1	100780 3430
16	101016	0.7	1	97453 3563
17	90717	0.7	1	87722 2995
18	80103	0.7	1	77840 2263
19	75196	0.7	1	72887 2309
20	70931	0.7	1	68346 2585
21	72783	0.7	1	70156 2627
22	75397	0.7	1	73180 2217
23	78382	0.7	1	75927 2455
24	83122	0.7	1	80305 2817
25	84397	0.7	1	81657 2740
26	78604	0.7	1	76259 2345
27	73653	0.7	1	71191 2462
28	66699	0.7	1	64066 2633
29	58102	0.7	1	56222 1880
30	51842	0.7	1	50381 1461
31	51924	0.7	1	50150 1774
32	54991	0.7	1	52877 2114
33	53916	0.7	1	52313 1603
34	58667	0.7	1	56502 2165
35	59923	0.7	1	57994 1929
36	56877	0.7	1	55099 1778
37	52356	0.7	1	50845 1511
38	46078	0.7	1	44741 1337
39	39881	0.7	1	38444 1437
40	35629	0.7	1	34632 997
41	31749	0.7	1	30822 927
42	32734	0.7	1	31718 1016
43	33691	0.7	1	32583 1108
44	57326	0.7	1	55771 1555
45	26522	0.7	1	25854 668
46	25265	0.7	1	24646 619
47	21073	0.7	1	20515 558
48	26320	0.7	1	25639 681
49	21865	0.7	1	21216 649
50	19236	0.7	1	18661 575
51	16558	0.7	1	16068 490
52	18718	0.7	1	18168 550
53	20757	0.7	1	20189 568
54	14313	0.7	1	13921 392
55	20026	0.7	1	19516 510
56	25811	0.7	1	25286 525
57	22202	0.7	1	21765 437
58	13093	0.7	1	12802 291
59	5514	0.7	1	5362 152
60	3372	0.7	1	3251 121
61	1874	0.7	1	1767 107
62	2660	0.7	1	2557 103
63	2588	0.7	1	2496 92
64	1855	0.7	1	1763 92
65	1071	0.7	1	983 88
66	1400	0.7	1	1307 93
67	2555	0.7	1	2437 118
68	2859	0.7	1	2746 113
69	2392	0.7	1	2304 88
70	1959	0.7	1	1856 103
71	1614	0.7	1	1516 98
72	1617	0.7	1	1507 110
73	1633	0.7	1	1517 116
74	1739	0.7	1	1644 95
75	1730	0.7	1	1622 108
76	1831	0.7	1	1695 136
77	1723	0.7	1	1622 101
78	1612	0.7	1	1517 95
79	1332	0.7	1	1226 106
80	1133	0.7	1	1048 85
81	925	0.7	1	840 85
82	857	0.7	1	766 91
83	759	0.7	1	686 73
84	704	0.7	1	633 71
85	694	0.7	1	634 60
86	645	0.7	1	596 49
87	691	0.7	1	635 56
88	668	0.7	1	606 62
89	613	0.7	1	538 75
90	578	0.7	1	482 96
91	495	0.7	1	417 78
92	463	0.7	1	392 71
93	424	0.7	1	347 77
94	412	0.7	1	309 103
95	366	0.7	1	296 70
96	389	0.7	1	313 76
97	301	0.7	1	249 52
98	334	0.7	1	274 60
99	350	0.7	1	283 67
100	304	0.7	1	225 79
101	267	0.7	1	210 57
102	267	0.7	1	208 59
103	251	0.7	1	184 67
104	199	0.7	1	164 35
105	173	0.7	1	130 43
106	229	0.7	1	184 45
107	206	0.7	1	153 53
108	203	0.7	1	158 45
109	235	0.7	1	168 67
110	183	0.7	1	139 44
111	176	0.7	1	123 53
112	157	0.7	1	108 49
113	161	0.7	1	101 60
114	171	0.7	1	109 62
115	136	0.7	1	97 39
116	135	0.7	1	94 41
117	107	0.7	1	76 31
118	130	0.7	1	84 46
119	138	0.7	1	93 45
120	112	0.7	1	65 47
121	111	0.7	1	81 30
122	120	0.7	1	59 61
123	100	0.7	1	53 47
124	119	0.7	1	60 59
125	89	0.7	1	62 27
126	151	0.7	1	62 89
127	83	0.7	1	41 42
128	103	0.7	1	46 57
129	79	0.7	1	53 26
130	88	0.7	1	74 14
131	66	0.7	1	45 21
132	84	0.7	1	75 9
133	84	0.7	1	47 37
134	151	0.7	1	108 43
135	70	0.7	1	40 30
136	78	0.7	1	48 30
137	83	0.7	1	56 27
138	116	0.7	1	95 21
139	45	0.7	1	27 18
140	77	0.7	1	32 45
141	174	0.7	1	142 32
142	59	0.7	1	41 18
143	56	0.7	1	37 19
144	47	0.7	1	28 19
145	40	0.7	1	19 21
146	43	0.7	1	23 20
147	165	0.7	1	44 121
148	96	0.7	1	36 60
149	886	0.7	1	16 870
150	51340	0.7	1	905 50435

RUN STATISTICS FOR INPUT FILE: raw/25_R1_001.fastq.gz
=============================================
44048292 sequences processed in total

