
SUMMARISING RUN PARAMETERS
==========================
Input filename: raw/26_R2_001.fastq.gz
Trimming mode: paired-end
Trim Galore version: 0.6.6
Cutadapt version: 4.1
Python version: 3.9.12
Number of cores used for trimming: 8
Quality Phred score cutoff: 20
Quality encoding type selected: ASCII+33
Adapter sequence: 'AGATCGGAAGAGC' (Illumina TruSeq, Sanger iPCR; user defined)
Maximum trimming error rate: 0.1 (default)
Minimum required adapter overlap (stringency): 3 bp
Minimum required sequence length for both reads before a sequence pair gets removed: 20 bp
Output file will be GZIP compressed


This is cutadapt 4.1 with Python 3.9.12
Command line parameters: -j 8 -e 0.1 -q 20 -O 3 -a AGATCGGAAGAGC raw/26_R2_001.fastq.gz
Processing single-end reads on 8 cores ...
Finished in 525.76 s (11 µs/read; 5.40 M reads/minute).

=== Summary ===

Total reads processed:              47,308,802
Reads with adapters:                 5,392,243 (11.4%)
Reads written (passing filters):    47,308,802 (100.0%)

Total basepairs processed: 7,096,320,300 bp
Quality-trimmed:              28,738,307 bp (0.4%)
Total written (filtered):  6,969,882,647 bp (98.2%)

=== Adapter 1 ===

Sequence: AGATCGGAAGAGC; Type: regular 3'; Length: 13; Trimmed: 5392243 times

Minimum overlap: 3
No. of allowed errors:
1-9 bp: 0; 10-13 bp: 1

Bases preceding removed adapters:
  A: 22.9%
  C: 29.1%
  G: 29.5%
  T: 18.5%
  none/other: 0.0%

Overview of removed sequences
length	count	expect	max.err	error counts
3	1054512	739200.0	0	1054512
4	353746	184800.0	0	353746
5	180412	46200.0	0	180412
6	135839	11550.0	0	135839
7	121465	2887.5	0	121465
8	111346	721.9	0	111346
9	105464	180.5	0	104113 1351
10	105882	45.1	1	99463 6419
11	108034	11.3	1	101261 6773
12	118409	2.8	1	110892 7517
13	113596	0.7	1	107072 6524
14	126654	0.7	1	118199 8455
15	128301	0.7	1	119917 8384
16	115734	0.7	1	108213 7521
17	112180	0.7	1	104286 7894
18	99537	0.7	1	92739 6798
19	203175	0.7	1	190228 12947
20	47645	0.7	1	43764 3881
21	32138	0.7	1	29579 2559
22	78525	0.7	1	73463 5062
23	94534	0.7	1	88371 6163
24	178060	0.7	1	166614 11446
25	54615	0.7	1	50424 4191
26	96253	0.7	1	90232 6021
27	171975	0.7	1	162184 9791
28	53742	0.7	1	50141 3601
29	83987	0.7	1	79235 4752
30	75086	0.7	1	70933 4153
31	20835	0.7	1	19150 1685
32	78351	0.7	1	73831 4520
33	53799	0.7	1	50537 3262
34	263919	0.7	1	252269 11650
35	107963	0.7	1	102729 5234
36	46980	0.7	1	44246 2734
37	31437	0.7	1	29460 1977
38	40373	0.7	1	38138 2235
39	26588	0.7	1	24962 1626
40	24870	0.7	1	23410 1460
41	26083	0.7	1	24441 1642
42	56969	0.7	1	54086 2883
43	80749	0.7	1	77022 3727
44	74868	0.7	1	70834 4034
45	39649	0.7	1	37234 2415
46	3474	0.7	1	3037 437
47	19156	0.7	1	17811 1345
48	13799	0.7	1	12622 1177
49	2030	0.7	1	1709 321
50	8748	0.7	1	8091 657
51	7807	0.7	1	7214 593
52	8608	0.7	1	7896 712
53	1748	0.7	1	1501 247
54	5185	0.7	1	4744 441
55	7171	0.7	1	6632 539
56	3150	0.7	1	2851 299
57	11476	0.7	1	10673 803
58	3798	0.7	1	3453 345
59	2568	0.7	1	2334 234
60	1244	0.7	1	1116 128
61	1805	0.7	1	1572 233
62	6836	0.7	1	6362 474
63	840	0.7	1	710 130
64	2323	0.7	1	2073 250
65	1079	0.7	1	921 158
66	1726	0.7	1	1513 213
67	2962	0.7	1	2697 265
68	2999	0.7	1	2764 235
69	1736	0.7	1	1532 204
70	1983	0.7	1	1795 188
71	1448	0.7	1	1259 189
72	1082	0.7	1	903 179
73	1657	0.7	1	1453 204
74	2118	0.7	1	1904 214
75	2390	0.7	1	2181 209
76	1190	0.7	1	1027 163
77	550	0.7	1	465 85
78	794	0.7	1	675 119
79	948	0.7	1	838 110
80	943	0.7	1	823 120
81	906	0.7	1	770 136
82	850	0.7	1	710 140
83	847	0.7	1	667 180
84	778	0.7	1	658 120
85	740	0.7	1	629 111
86	759	0.7	1	651 108
87	793	0.7	1	696 97
88	772	0.7	1	672 100
89	673	0.7	1	591 82
90	631	0.7	1	496 135
91	530	0.7	1	436 94
92	491	0.7	1	397 94
93	488	0.7	1	401 87
94	462	0.7	1	337 125
95	452	0.7	1	358 94
96	379	0.7	1	310 69
97	366	0.7	1	318 48
98	394	0.7	1	321 73
99	368	0.7	1	313 55
100	354	0.7	1	262 92
101	315	0.7	1	261 54
102	264	0.7	1	208 56
103	275	0.7	1	200 75
104	234	0.7	1	177 57
105	264	0.7	1	204 60
106	204	0.7	1	151 53
107	286	0.7	1	209 77
108	277	0.7	1	192 85
109	235	0.7	1	173 62
110	225	0.7	1	161 64
111	222	0.7	1	130 92
112	196	0.7	1	131 65
113	209	0.7	1	133 76
114	146	0.7	1	106 40
115	133	0.7	1	99 34
116	167	0.7	1	100 67
117	189	0.7	1	108 81
118	142	0.7	1	97 45
119	161	0.7	1	96 65
120	167	0.7	1	87 80
121	147	0.7	1	74 73
122	105	0.7	1	66 39
123	148	0.7	1	63 85
124	129	0.7	1	75 54
125	87	0.7	1	45 42
126	146	0.7	1	47 99
127	114	0.7	1	63 51
128	96	0.7	1	41 55
129	90	0.7	1	49 41
130	141	0.7	1	70 71
131	152	0.7	1	95 57
132	96	0.7	1	60 36
133	92	0.7	1	47 45
134	156	0.7	1	109 47
135	108	0.7	1	46 62
136	91	0.7	1	28 63
137	98	0.7	1	41 57
138	129	0.7	1	81 48
139	72	0.7	1	33 39
140	73	0.7	1	39 34
141	170	0.7	1	142 28
142	73	0.7	1	38 35
143	68	0.7	1	47 21
144	43	0.7	1	30 13
145	50	0.7	1	20 30
146	39	0.7	1	14 25
147	178	0.7	1	62 116
148	80	0.7	1	41 39
149	56	0.7	1	24 32
150	1222	0.7	1	1037 185

RUN STATISTICS FOR INPUT FILE: raw/26_R2_001.fastq.gz
=============================================
47308802 sequences processed in total

Total number of sequences analysed for the sequence pair length validation: 47308802

Number of sequence pairs removed because at least one read was shorter than the length cutoff (20 bp): 72674 (0.15%)
