
SUMMARISING RUN PARAMETERS
==========================
Input filename: raw/26_R1_001.fastq.gz
Trimming mode: paired-end
Trim Galore version: 0.6.6
Cutadapt version: 4.1
Python version: 3.9.12
Number of cores used for trimming: 8
Quality Phred score cutoff: 20
Quality encoding type selected: ASCII+33
Adapter sequence: 'AGATCGGAAGAGC' (Illumina TruSeq, Sanger iPCR; user defined)
Maximum trimming error rate: 0.1 (default)
Minimum required adapter overlap (stringency): 3 bp
Minimum required sequence length for both reads before a sequence pair gets removed: 20 bp
Output file will be GZIP compressed


This is cutadapt 4.1 with Python 3.9.12
Command line parameters: -j 8 -e 0.1 -q 20 -O 3 -a AGATCGGAAGAGC raw/26_R1_001.fastq.gz
Processing single-end reads on 8 cores ...
Finished in 521.22 s (11 µs/read; 5.45 M reads/minute).

=== Summary ===

Total reads processed:              47,308,802
Reads with adapters:                 5,474,410 (11.6%)
Reads written (passing filters):    47,308,802 (100.0%)

Total basepairs processed: 7,096,320,300 bp
Quality-trimmed:              14,934,890 bp (0.2%)
Total written (filtered):  6,969,080,627 bp (98.2%)

=== Adapter 1 ===

Sequence: AGATCGGAAGAGC; Type: regular 3'; Length: 13; Trimmed: 5474410 times

Minimum overlap: 3
No. of allowed errors:
1-9 bp: 0; 10-13 bp: 1

Bases preceding removed adapters:
  A: 22.9%
  C: 28.8%
  G: 29.1%
  T: 18.2%
  none/other: 1.1%

Overview of removed sequences
length	count	expect	max.err	error counts
3	1073325	739200.0	0	1073325
4	356967	184800.0	0	356967
5	181726	46200.0	0	181726
6	136153	11550.0	0	136153
7	122475	2887.5	0	122475
8	111616	721.9	0	111616
9	107016	180.5	0	105801 1215
10	103669	45.1	1	99546 4123
11	107218	11.3	1	102833 4385
12	111263	2.8	1	107309 3954
13	118303	0.7	1	113676 4627
14	125022	0.7	1	119976 5046
15	124958	0.7	1	119901 5057
16	120919	0.7	1	116047 4872
17	109259	0.7	1	104875 4384
18	95583	0.7	1	92483 3100
19	89999	0.7	1	86759 3240
20	85704	0.7	1	82197 3507
21	87419	0.7	1	83841 3578
22	89467	0.7	1	86335 3132
23	93825	0.7	1	90387 3438
24	99920	0.7	1	96010 3910
25	100914	0.7	1	97146 3768
26	95811	0.7	1	92445 3366
27	88813	0.7	1	85301 3512
28	81355	0.7	1	77923 3432
29	71055	0.7	1	68381 2674
30	63716	0.7	1	61494 2222
31	63124	0.7	1	60723 2401
32	65372	0.7	1	62688 2684
33	65967	0.7	1	63471 2496
34	71185	0.7	1	68262 2923
35	72919	0.7	1	70231 2688
36	71232	0.7	1	68720 2512
37	62453	0.7	1	60269 2184
38	55758	0.7	1	54056 1702
39	49469	0.7	1	47567 1902
40	44001	0.7	1	42218 1783
41	40330	0.7	1	38982 1348
42	41100	0.7	1	39470 1630
43	40794	0.7	1	39256 1538
44	73193	0.7	1	70736 2457
45	33119	0.7	1	32071 1048
46	44028	0.7	1	42843 1185
47	14896	0.7	1	14310 586
48	35949	0.7	1	34800 1149
49	29105	0.7	1	28129 976
50	29461	0.7	1	28446 1015
51	18628	0.7	1	17881 747
52	39913	0.7	1	38778 1135
53	35800	0.7	1	34885 915
54	10862	0.7	1	10446 416
55	32457	0.7	1	31650 807
56	35045	0.7	1	34314 731
57	16686	0.7	1	16238 448
58	6817	0.7	1	6562 255
59	3210	0.7	1	3052 158
60	1601	0.7	1	1476 125
61	1197	0.7	1	1086 111
62	1973	0.7	1	1858 115
63	1442	0.7	1	1338 104
64	1024	0.7	1	932 92
65	1243	0.7	1	1122 121
66	1135	0.7	1	1001 134
67	3067	0.7	1	2915 152
68	2730	0.7	1	2583 147
69	2147	0.7	1	2003 144
70	1657	0.7	1	1531 126
71	1746	0.7	1	1597 149
72	1816	0.7	1	1684 132
73	1983	0.7	1	1850 133
74	2049	0.7	1	1940 109
75	2096	0.7	1	1993 103
76	2212	0.7	1	2091 121
77	2158	0.7	1	2026 132
78	1966	0.7	1	1836 130
79	1673	0.7	1	1558 115
80	1339	0.7	1	1220 119
81	1119	0.7	1	984 135
82	1047	0.7	1	893 154
83	912	0.7	1	796 116
84	862	0.7	1	773 89
85	832	0.7	1	741 91
86	793	0.7	1	726 67
87	844	0.7	1	764 80
88	803	0.7	1	728 75
89	690	0.7	1	598 92
90	654	0.7	1	532 122
91	522	0.7	1	450 72
92	504	0.7	1	423 81
93	446	0.7	1	371 75
94	426	0.7	1	320 106
95	407	0.7	1	323 84
96	373	0.7	1	306 67
97	352	0.7	1	308 44
98	394	0.7	1	328 66
99	325	0.7	1	294 31
100	346	0.7	1	261 85
101	305	0.7	1	246 59
102	263	0.7	1	216 47
103	259	0.7	1	192 67
104	186	0.7	1	132 54
105	242	0.7	1	185 57
106	187	0.7	1	143 44
107	227	0.7	1	174 53
108	245	0.7	1	181 64
109	224	0.7	1	149 75
110	218	0.7	1	140 78
111	190	0.7	1	104 86
112	167	0.7	1	113 54
113	166	0.7	1	109 57
114	147	0.7	1	95 52
115	127	0.7	1	95 32
116	143	0.7	1	91 52
117	189	0.7	1	95 94
118	140	0.7	1	91 49
119	161	0.7	1	84 77
120	129	0.7	1	79 50
121	116	0.7	1	57 59
122	102	0.7	1	62 40
123	124	0.7	1	53 71
124	133	0.7	1	69 64
125	74	0.7	1	47 27
126	165	0.7	1	52 113
127	121	0.7	1	60 61
128	80	0.7	1	42 38
129	92	0.7	1	45 47
130	140	0.7	1	71 69
131	142	0.7	1	106 36
132	102	0.7	1	75 27
133	116	0.7	1	49 67
134	149	0.7	1	111 38
135	110	0.7	1	48 62
136	101	0.7	1	28 73
137	103	0.7	1	47 56
138	115	0.7	1	76 39
139	55	0.7	1	36 19
140	81	0.7	1	38 43
141	200	0.7	1	144 56
142	73	0.7	1	43 30
143	81	0.7	1	46 35
144	54	0.7	1	30 24
145	58	0.7	1	22 36
146	46	0.7	1	18 28
147	182	0.7	1	63 119
148	129	0.7	1	38 91
149	1114	0.7	1	20 1094
150	59089	0.7	1	1086 58003

RUN STATISTICS FOR INPUT FILE: raw/26_R1_001.fastq.gz
=============================================
47308802 sequences processed in total

