
SUMMARISING RUN PARAMETERS
==========================
Input filename: raw/27_R1_001.fastq.gz
Trimming mode: paired-end
Trim Galore version: 0.6.6
Cutadapt version: 4.1
Python version: 3.9.12
Number of cores used for trimming: 8
Quality Phred score cutoff: 20
Quality encoding type selected: ASCII+33
Adapter sequence: 'AGATCGGAAGAGC' (Illumina TruSeq, Sanger iPCR; user defined)
Maximum trimming error rate: 0.1 (default)
Minimum required adapter overlap (stringency): 3 bp
Minimum required sequence length for both reads before a sequence pair gets removed: 20 bp
Output file will be GZIP compressed


This is cutadapt 4.1 with Python 3.9.12
Command line parameters: -j 8 -e 0.1 -q 20 -O 3 -a AGATCGGAAGAGC raw/27_R1_001.fastq.gz
Processing single-end reads on 8 cores ...
Finished in 555.03 s (11 µs/read; 5.46 M reads/minute).

=== Summary ===

Total reads processed:              50,493,278
Reads with adapters:                 5,665,548 (11.2%)
Reads written (passing filters):    50,493,278 (100.0%)

Total basepairs processed: 7,573,991,700 bp
Quality-trimmed:              13,835,547 bp (0.2%)
Total written (filtered):  7,448,335,313 bp (98.3%)

=== Adapter 1 ===

Sequence: AGATCGGAAGAGC; Type: regular 3'; Length: 13; Trimmed: 5665548 times

Minimum overlap: 3
No. of allowed errors:
1-9 bp: 0; 10-13 bp: 1

Bases preceding removed adapters:
  A: 23.2%
  C: 29.2%
  G: 29.6%
  T: 16.9%
  none/other: 1.1%

Overview of removed sequences
length	count	expect	max.err	error counts
3	1175508	788957.5	0	1175508
4	398518	197239.4	0	398518
5	199705	49309.8	0	199705
6	145878	12327.5	0	145878
7	128434	3081.9	0	128434
8	117457	770.5	0	117457
9	113698	192.6	0	111171 2527
10	109190	48.2	1	103432 5758
11	111906	12.0	1	107476 4430
12	115632	3.0	1	111521 4111
13	125487	0.8	1	120719 4768
14	130553	0.8	1	125693 4860
15	131515	0.8	1	126313 5202
16	126853	0.8	1	121831 5022
17	114972	0.8	1	110521 4451
18	101641	0.8	1	98308 3333
19	112931	0.8	1	108707 4224
20	75724	0.8	1	72891 2833
21	80404	0.8	1	77763 2641
22	90431	0.8	1	87372 3059
23	94723	0.8	1	91235 3488
24	100316	0.8	1	96542 3774
25	103792	0.8	1	99885 3907
26	98353	0.8	1	94908 3445
27	91268	0.8	1	87709 3559
28	82451	0.8	1	78989 3462
29	71675	0.8	1	69108 2567
30	63560	0.8	1	61372 2188
31	62410	0.8	1	59978 2432
32	64561	0.8	1	61807 2754
33	65197	0.8	1	62755 2442
34	68984	0.8	1	66222 2762
35	70138	0.8	1	67722 2416
36	69273	0.8	1	66928 2345
37	63874	0.8	1	61748 2126
38	55231	0.8	1	53467 1764
39	46057	0.8	1	44432 1625
40	41391	0.8	1	39903 1488
41	37674	0.8	1	36416 1258
42	38319	0.8	1	36883 1436
43	37754	0.8	1	36334 1420
44	60466	0.8	1	58712 1754
45	26634	0.8	1	25831 803
46	27556	0.8	1	26761 795
47	33912	0.8	1	32886 1026
48	29665	0.8	1	28757 908
49	25252	0.8	1	24317 935
50	21156	0.8	1	20400 756
51	18183	0.8	1	17537 646
52	17259	0.8	1	16646 613
53	16948	0.8	1	16317 631
54	16809	0.8	1	16248 561
55	17627	0.8	1	17000 627
56	17401	0.8	1	16855 546
57	16409	0.8	1	15886 523
58	13949	0.8	1	13446 503
59	11190	0.8	1	10798 392
60	8947	0.8	1	8663 284
61	6782	0.8	1	6541 241
62	6593	0.8	1	6319 274
63	6340	0.8	1	6120 220
64	6054	0.8	1	5827 227
65	4918	0.8	1	4706 212
66	4640	0.8	1	4431 209
67	4881	0.8	1	4681 200
68	4317	0.8	1	4064 253
69	3675	0.8	1	3487 188
70	3009	0.8	1	2783 226
71	2436	0.8	1	2293 143
72	2236	0.8	1	2006 230
73	1992	0.8	1	1864 128
74	1933	0.8	1	1826 107
75	1973	0.8	1	1873 100
76	2047	0.8	1	1916 131
77	2006	0.8	1	1858 148
78	1836	0.8	1	1744 92
79	1573	0.8	1	1460 113
80	1312	0.8	1	1170 142
81	1222	0.8	1	1028 194
82	1005	0.8	1	831 174
83	895	0.8	1	783 112
84	844	0.8	1	741 103
85	801	0.8	1	708 93
86	810	0.8	1	738 72
87	756	0.8	1	699 57
88	759	0.8	1	681 78
89	707	0.8	1	613 94
90	682	0.8	1	589 93
91	547	0.8	1	487 60
92	478	0.8	1	396 82
93	514	0.8	1	439 75
94	461	0.8	1	341 120
95	428	0.8	1	322 106
96	388	0.8	1	314 74
97	393	0.8	1	325 68
98	373	0.8	1	303 70
99	385	0.8	1	318 67
100	383	0.8	1	269 114
101	294	0.8	1	228 66
102	282	0.8	1	216 66
103	294	0.8	1	220 74
104	234	0.8	1	181 53
105	220	0.8	1	168 52
106	258	0.8	1	175 83
107	313	0.8	1	173 140
108	276	0.8	1	187 89
109	263	0.8	1	177 86
110	250	0.8	1	139 111
111	234	0.8	1	131 103
112	178	0.8	1	122 56
113	170	0.8	1	105 65
114	185	0.8	1	101 84
115	172	0.8	1	96 76
116	192	0.8	1	102 90
117	158	0.8	1	93 65
118	147	0.8	1	93 54
119	173	0.8	1	119 54
120	184	0.8	1	81 103
121	108	0.8	1	80 28
122	127	0.8	1	73 54
123	98	0.8	1	57 41
124	97	0.8	1	61 36
125	82	0.8	1	49 33
126	154	0.8	1	76 78
127	120	0.8	1	55 65
128	113	0.8	1	50 63
129	185	0.8	1	54 131
130	161	0.8	1	59 102
131	73	0.8	1	45 28
132	97	0.8	1	56 41
133	72	0.8	1	44 28
134	179	0.8	1	146 33
135	113	0.8	1	72 41
136	93	0.8	1	58 35
137	101	0.8	1	58 43
138	114	0.8	1	97 17
139	49	0.8	1	38 11
140	66	0.8	1	40 26
141	194	0.8	1	155 39
142	63	0.8	1	55 8
143	83	0.8	1	35 48
144	87	0.8	1	63 24
145	74	0.8	1	40 34
146	67	0.8	1	36 31
147	211	0.8	1	91 120
148	140	0.8	1	44 96
149	1017	0.8	1	23 994
150	60748	0.8	1	877 59871

RUN STATISTICS FOR INPUT FILE: raw/27_R1_001.fastq.gz
=============================================
50493278 sequences processed in total

