
SUMMARISING RUN PARAMETERS
==========================
Input filename: raw/27_R2_001.fastq.gz
Trimming mode: paired-end
Trim Galore version: 0.6.6
Cutadapt version: 4.1
Python version: 3.9.12
Number of cores used for trimming: 8
Quality Phred score cutoff: 20
Quality encoding type selected: ASCII+33
Adapter sequence: 'AGATCGGAAGAGC' (Illumina TruSeq, Sanger iPCR; user defined)
Maximum trimming error rate: 0.1 (default)
Minimum required adapter overlap (stringency): 3 bp
Minimum required sequence length for both reads before a sequence pair gets removed: 20 bp
Output file will be GZIP compressed


This is cutadapt 4.1 with Python 3.9.12
Command line parameters: -j 8 -e 0.1 -q 20 -O 3 -a AGATCGGAAGAGC raw/27_R2_001.fastq.gz
Processing single-end reads on 8 cores ...
Finished in 560.66 s (11 µs/read; 5.40 M reads/minute).

=== Summary ===

Total reads processed:              50,493,278
Reads with adapters:                 5,587,808 (11.1%)
Reads written (passing filters):    50,493,278 (100.0%)

Total basepairs processed: 7,573,991,700 bp
Quality-trimmed:              26,428,324 bp (0.3%)
Total written (filtered):  7,448,361,247 bp (98.3%)

=== Adapter 1 ===

Sequence: AGATCGGAAGAGC; Type: regular 3'; Length: 13; Trimmed: 5587808 times

Minimum overlap: 3
No. of allowed errors:
1-9 bp: 0; 10-13 bp: 1

Bases preceding removed adapters:
  A: 23.2%
  C: 29.6%
  G: 29.9%
  T: 17.2%
  none/other: 0.0%

Overview of removed sequences
length	count	expect	max.err	error counts
3	1156167	788957.5	0	1156167
4	394387	197239.4	0	394387
5	199385	49309.8	0	199385
6	146160	12327.5	0	146160
7	129217	3081.9	0	129217
8	118951	770.5	0	118951
9	113729	192.6	0	111316 2413
10	111932	48.2	1	105711 6221
11	112011	12.0	1	107507 4504
12	124284	3.0	1	119394 4890
13	118820	0.8	1	115285 3535
14	132858	0.8	1	127153 5705
15	134995	0.8	1	129484 5511
16	120276	0.8	1	115519 4757
17	118514	0.8	1	113082 5432
18	103831	0.8	1	99376 4455
19	215218	0.8	1	206633 8585
20	43092	0.8	1	40667 2425
21	31276	0.8	1	29834 1442
22	79142	0.8	1	76103 3039
23	95110	0.8	1	91365 3745
24	186432	0.8	1	178502 7930
25	53981	0.8	1	51220 2761
26	96964	0.8	1	93370 3594
27	161784	0.8	1	156143 5641
28	54984	0.8	1	52828 2156
29	76252	0.8	1	73759 2493
30	76416	0.8	1	74088 2328
31	14736	0.8	1	13844 892
32	101284	0.8	1	98079 3205
33	29872	0.8	1	28809 1063
34	57758	0.8	1	55810 1948
35	68370	0.8	1	66047 2323
36	174318	0.8	1	169553 4765
37	18683	0.8	1	17861 822
38	30650	0.8	1	29658 992
39	76173	0.8	1	74310 1863
40	28669	0.8	1	27854 815
41	24842	0.8	1	23989 853
42	58895	0.8	1	57199 1696
43	50784	0.8	1	49522 1262
44	21593	0.8	1	20781 812
45	79045	0.8	1	77262 1783
46	5843	0.8	1	5454 389
47	21867	0.8	1	21060 807
48	31177	0.8	1	30359 818
49	8373	0.8	1	7928 445
50	15916	0.8	1	15392 524
51	13090	0.8	1	12594 496
52	17074	0.8	1	16548 526
53	1401	0.8	1	1220 181
54	10668	0.8	1	10290 378
55	16178	0.8	1	15655 523
56	5550	0.8	1	5283 267
57	15081	0.8	1	14578 503
58	12370	0.8	1	11952 418
59	3364	0.8	1	3142 222
60	2330	0.8	1	2165 165
61	2725	0.8	1	2553 172
62	7897	0.8	1	7579 318
63	1004	0.8	1	875 129
64	4056	0.8	1	3823 233
65	1638	0.8	1	1435 203
66	2532	0.8	1	2339 193
67	4541	0.8	1	4333 208
68	1884	0.8	1	1672 212
69	1149	0.8	1	984 165
70	2802	0.8	1	2560 242
71	887	0.8	1	760 127
72	1502	0.8	1	1281 221
73	2073	0.8	1	1931 142
74	2343	0.8	1	2207 136
75	1934	0.8	1	1817 117
76	649	0.8	1	559 90
77	642	0.8	1	517 125
78	1008	0.8	1	912 96
79	1118	0.8	1	999 119
80	1070	0.8	1	941 129
81	1150	0.8	1	921 229
82	1004	0.8	1	800 204
83	819	0.8	1	709 110
84	829	0.8	1	719 110
85	807	0.8	1	710 97
86	795	0.8	1	701 94
87	778	0.8	1	713 65
88	771	0.8	1	694 77
89	721	0.8	1	627 94
90	672	0.8	1	580 92
91	549	0.8	1	491 58
92	542	0.8	1	436 106
93	524	0.8	1	438 86
94	490	0.8	1	369 121
95	475	0.8	1	366 109
96	432	0.8	1	346 86
97	433	0.8	1	349 84
98	403	0.8	1	319 84
99	394	0.8	1	343 51
100	414	0.8	1	310 104
101	311	0.8	1	258 53
102	326	0.8	1	261 65
103	304	0.8	1	242 62
104	282	0.8	1	209 73
105	246	0.8	1	197 49
106	309	0.8	1	200 109
107	374	0.8	1	213 161
108	267	0.8	1	189 78
109	289	0.8	1	190 99
110	290	0.8	1	166 124
111	271	0.8	1	166 105
112	182	0.8	1	140 42
113	199	0.8	1	135 64
114	178	0.8	1	123 55
115	186	0.8	1	117 69
116	228	0.8	1	121 107
117	178	0.8	1	102 76
118	186	0.8	1	108 78
119	179	0.8	1	113 66
120	199	0.8	1	91 108
121	123	0.8	1	85 38
122	151	0.8	1	80 71
123	141	0.8	1	74 67
124	114	0.8	1	71 43
125	92	0.8	1	61 31
126	171	0.8	1	88 83
127	109	0.8	1	64 45
128	108	0.8	1	59 49
129	152	0.8	1	55 97
130	163	0.8	1	59 104
131	90	0.8	1	49 41
132	91	0.8	1	56 35
133	85	0.8	1	47 38
134	199	0.8	1	154 45
135	109	0.8	1	72 37
136	81	0.8	1	55 26
137	101	0.8	1	60 41
138	124	0.8	1	107 17
139	56	0.8	1	37 19
140	55	0.8	1	41 14
141	176	0.8	1	153 23
142	75	0.8	1	55 20
143	76	0.8	1	36 40
144	83	0.8	1	59 24
145	70	0.8	1	41 29
146	61	0.8	1	37 24
147	195	0.8	1	88 107
148	106	0.8	1	41 65
149	54	0.8	1	21 33
150	1035	0.8	1	883 152

RUN STATISTICS FOR INPUT FILE: raw/27_R2_001.fastq.gz
=============================================
50493278 sequences processed in total

Total number of sequences analysed for the sequence pair length validation: 50493278

Number of sequence pairs removed because at least one read was shorter than the length cutoff (20 bp): 73406 (0.15%)
