
SUMMARISING RUN PARAMETERS
==========================
Input filename: raw/28_R1_001.fastq.gz
Trimming mode: paired-end
Trim Galore version: 0.6.6
Cutadapt version: 4.1
Python version: 3.9.12
Number of cores used for trimming: 8
Quality Phred score cutoff: 20
Quality encoding type selected: ASCII+33
Adapter sequence: 'AGATCGGAAGAGC' (Illumina TruSeq, Sanger iPCR; user defined)
Maximum trimming error rate: 0.1 (default)
Minimum required adapter overlap (stringency): 3 bp
Minimum required sequence length for both reads before a sequence pair gets removed: 20 bp
Output file will be GZIP compressed


This is cutadapt 4.1 with Python 3.9.12
Command line parameters: -j 8 -e 0.1 -q 20 -O 3 -a AGATCGGAAGAGC raw/28_R1_001.fastq.gz
Processing single-end reads on 8 cores ...
Finished in 536.42 s (11 µs/read; 5.43 M reads/minute).

=== Summary ===

Total reads processed:              48,533,240
Reads with adapters:                 6,030,458 (12.4%)
Reads written (passing filters):    48,533,240 (100.0%)

Total basepairs processed: 7,279,986,000 bp
Quality-trimmed:              13,128,113 bp (0.2%)
Total written (filtered):  7,136,371,692 bp (98.0%)

=== Adapter 1 ===

Sequence: AGATCGGAAGAGC; Type: regular 3'; Length: 13; Trimmed: 6030458 times

Minimum overlap: 3
No. of allowed errors:
1-9 bp: 0; 10-13 bp: 1

Bases preceding removed adapters:
  A: 22.8%
  C: 28.9%
  G: 29.2%
  T: 17.9%
  none/other: 1.3%

Overview of removed sequences
length	count	expect	max.err	error counts
3	1116360	758331.9	0	1116360
4	375857	189583.0	0	375857
5	192656	47395.7	0	192656
6	146029	11848.9	0	146029
7	129844	2962.2	0	129844
8	119133	740.6	0	119133
9	113710	185.1	0	112671 1039
10	110994	46.3	1	107276 3718
11	114956	11.6	1	111124 3832
12	119631	2.9	1	116299 3332
13	128279	0.7	1	124374 3905
14	134750	0.7	1	130628 4122
15	134657	0.7	1	130373 4284
16	130273	0.7	1	126216 4057
17	119826	0.7	1	116151 3675
18	105567	0.7	1	102892 2675
19	99399	0.7	1	96463 2936
20	93794	0.7	1	90451 3343
21	96695	0.7	1	93467 3228
22	99529	0.7	1	96729 2800
23	104563	0.7	1	101562 3001
24	110474	0.7	1	107147 3327
25	112420	0.7	1	108880 3540
26	106971	0.7	1	104096 2875
27	99359	0.7	1	96184 3175
28	92026	0.7	1	88774 3252
29	80166	0.7	1	77826 2340
30	72820	0.7	1	70806 2014
31	71438	0.7	1	69168 2270
32	74736	0.7	1	72231 2505
33	75022	0.7	1	72711 2311
34	83198	0.7	1	80305 2893
35	81697	0.7	1	79489 2208
36	80240	0.7	1	78042 2198
37	74652	0.7	1	72546 2106
38	65418	0.7	1	63624 1794
39	58313	0.7	1	56580 1733
40	50894	0.7	1	49569 1325
41	51146	0.7	1	49590 1556
42	45833	0.7	1	44431 1402
43	49394	0.7	1	47797 1597
44	83471	0.7	1	81671 1800
45	39159	0.7	1	38196 963
46	40853	0.7	1	40033 820
47	29262	0.7	1	28566 696
48	38669	0.7	1	37769 900
49	33361	0.7	1	32520 841
50	28415	0.7	1	27680 735
51	25101	0.7	1	24442 659
52	24554	0.7	1	23814 740
53	25178	0.7	1	24491 687
54	23478	0.7	1	22873 605
55	24595	0.7	1	23999 596
56	26416	0.7	1	25792 624
57	25155	0.7	1	24610 545
58	22270	0.7	1	21816 454
59	15168	0.7	1	14864 304
60	11296	0.7	1	11030 266
61	7455	0.7	1	7255 200
62	8448	0.7	1	8255 193
63	8743	0.7	1	8523 220
64	8076	0.7	1	7898 178
65	5439	0.7	1	5226 213
66	5472	0.7	1	5295 177
67	6549	0.7	1	6381 168
68	6151	0.7	1	5985 166
69	5145	0.7	1	4997 148
70	4147	0.7	1	3979 168
71	3550	0.7	1	3402 148
72	3167	0.7	1	2990 177
73	2862	0.7	1	2735 127
74	2921	0.7	1	2777 144
75	2804	0.7	1	2710 94
76	3071	0.7	1	2860 211
77	2790	0.7	1	2677 113
78	2544	0.7	1	2423 121
79	2142	0.7	1	2021 121
80	1812	0.7	1	1687 125
81	1447	0.7	1	1354 93
82	1284	0.7	1	1180 104
83	1140	0.7	1	1049 91
84	1122	0.7	1	1035 87
85	1013	0.7	1	934 79
86	1010	0.7	1	949 61
87	999	0.7	1	927 72
88	984	0.7	1	928 56
89	893	0.7	1	809 84
90	808	0.7	1	680 128
91	710	0.7	1	635 75
92	597	0.7	1	512 85
93	505	0.7	1	458 47
94	548	0.7	1	411 137
95	539	0.7	1	433 106
96	480	0.7	1	422 58
97	421	0.7	1	370 51
98	468	0.7	1	403 65
99	426	0.7	1	377 49
100	437	0.7	1	343 94
101	349	0.7	1	294 55
102	289	0.7	1	245 44
103	272	0.7	1	227 45
104	248	0.7	1	201 47
105	255	0.7	1	204 51
106	203	0.7	1	176 27
107	266	0.7	1	221 45
108	269	0.7	1	211 58
109	207	0.7	1	169 38
110	240	0.7	1	183 57
111	236	0.7	1	163 73
112	163	0.7	1	124 39
113	183	0.7	1	118 65
114	150	0.7	1	113 37
115	149	0.7	1	110 39
116	141	0.7	1	116 25
117	147	0.7	1	103 44
118	159	0.7	1	120 39
119	140	0.7	1	83 57
120	145	0.7	1	80 65
121	131	0.7	1	81 50
122	113	0.7	1	61 52
123	124	0.7	1	64 60
124	135	0.7	1	58 77
125	79	0.7	1	40 39
126	154	0.7	1	58 96
127	93	0.7	1	41 52
128	128	0.7	1	60 68
129	83	0.7	1	57 26
130	79	0.7	1	54 25
131	75	0.7	1	51 24
132	80	0.7	1	54 26
133	71	0.7	1	26 45
134	223	0.7	1	150 73
135	101	0.7	1	55 46
136	110	0.7	1	44 66
137	93	0.7	1	50 43
138	124	0.7	1	93 31
139	64	0.7	1	51 13
140	83	0.7	1	32 51
141	234	0.7	1	189 45
142	85	0.7	1	45 40
143	61	0.7	1	29 32
144	62	0.7	1	29 33
145	54	0.7	1	25 29
146	52	0.7	1	28 24
147	250	0.7	1	48 202
148	86	0.7	1	28 58
149	1237	0.7	1	24 1213
150	73744	0.7	1	1473 72271

RUN STATISTICS FOR INPUT FILE: raw/28_R1_001.fastq.gz
=============================================
48533240 sequences processed in total

