
SUMMARISING RUN PARAMETERS
==========================
Input filename: raw/2_R1_001.fastq.gz
Trimming mode: paired-end
Trim Galore version: 0.6.6
Cutadapt version: 4.1
Python version: 3.9.12
Number of cores used for trimming: 8
Quality Phred score cutoff: 20
Quality encoding type selected: ASCII+33
Adapter sequence: 'AGATCGGAAGAGC' (Illumina TruSeq, Sanger iPCR; user defined)
Maximum trimming error rate: 0.1 (default)
Minimum required adapter overlap (stringency): 3 bp
Minimum required sequence length for both reads before a sequence pair gets removed: 20 bp
Output file will be GZIP compressed


This is cutadapt 4.1 with Python 3.9.12
Command line parameters: -j 8 -e 0.1 -q 20 -O 3 -a AGATCGGAAGAGC raw/2_R1_001.fastq.gz
Processing single-end reads on 8 cores ...
Finished in 508.47 s (11 µs/read; 5.51 M reads/minute).

=== Summary ===

Total reads processed:              46,718,593
Reads with adapters:                 5,188,980 (11.1%)
Reads written (passing filters):    46,718,593 (100.0%)

Total basepairs processed: 7,007,788,950 bp
Quality-trimmed:              17,765,228 bp (0.3%)
Total written (filtered):  6,872,030,266 bp (98.1%)

=== Adapter 1 ===

Sequence: AGATCGGAAGAGC; Type: regular 3'; Length: 13; Trimmed: 5188980 times

Minimum overlap: 3
No. of allowed errors:
1-9 bp: 0; 10-13 bp: 1

Bases preceding removed adapters:
  A: 23.6%
  C: 28.3%
  G: 27.2%
  T: 17.4%
  none/other: 3.6%

Overview of removed sequences
length	count	expect	max.err	error counts
3	1138828	729978.0	0	1138828
4	348845	182494.5	0	348845
5	171908	45623.6	0	171908
6	126913	11405.9	0	126913
7	114008	2851.5	0	114008
8	106110	712.9	0	106110
9	101851	178.2	0	100712 1139
10	98160	44.6	1	94043 4117
11	100011	11.1	1	95955 4056
12	101438	2.8	1	98175 3263
13	105259	0.7	1	101743 3516
14	110540	0.7	1	106371 4169
15	110008	0.7	1	106003 4005
16	108582	0.7	1	104332 4250
17	99517	0.7	1	95907 3610
18	87180	0.7	1	84716 2464
19	83695	0.7	1	81034 2661
20	78416	0.7	1	75410 3006
21	78717	0.7	1	75819 2898
22	79630	0.7	1	77306 2324
23	82152	0.7	1	79398 2754
24	85227	0.7	1	82302 2925
25	86964	0.7	1	83798 3166
26	81957	0.7	1	79423 2534
27	76897	0.7	1	74145 2752
28	72136	0.7	1	69155 2981
29	63285	0.7	1	61119 2166
30	56041	0.7	1	54390 1651
31	54754	0.7	1	52777 1977
32	56480	0.7	1	54110 2370
33	55052	0.7	1	53209 1843
34	59880	0.7	1	57445 2435
35	60844	0.7	1	58315 2529
36	56422	0.7	1	54822 1600
37	53258	0.7	1	51584 1674
38	49165	0.7	1	47350 1815
39	40046	0.7	1	38901 1145
40	36379	0.7	1	35097 1282
41	34166	0.7	1	32997 1169
42	35066	0.7	1	33544 1522
43	32769	0.7	1	31608 1161
44	66293	0.7	1	64275 2018
45	23661	0.7	1	22968 693
46	31873	0.7	1	31049 824
47	10013	0.7	1	9491 522
48	49846	0.7	1	48620 1226
49	22165	0.7	1	21390 775
50	30074	0.7	1	29331 743
51	9780	0.7	1	9330 450
52	50592	0.7	1	49685 907
53	21941	0.7	1	21491 450
54	3215	0.7	1	3003 212
55	23239	0.7	1	22824 415
56	12464	0.7	1	12224 240
57	3594	0.7	1	3425 169
58	1976	0.7	1	1874 102
59	2559	0.7	1	2453 106
60	667	0.7	1	565 102
61	1484	0.7	1	1367 117
62	921	0.7	1	830 91
63	497	0.7	1	423 74
64	1046	0.7	1	949 97
65	2587	0.7	1	2448 139
66	605	0.7	1	532 73
67	1870	0.7	1	1753 117
68	1238	0.7	1	1141 97
69	1188	0.7	1	1075 113
70	1122	0.7	1	1024 98
71	1376	0.7	1	1285 91
72	1514	0.7	1	1409 105
73	1885	0.7	1	1762 123
74	1890	0.7	1	1776 114
75	1968	0.7	1	1852 116
76	2125	0.7	1	2020 105
77	2007	0.7	1	1893 114
78	1806	0.7	1	1726 80
79	1553	0.7	1	1482 71
80	1428	0.7	1	1355 73
81	1363	0.7	1	1274 89
82	1196	0.7	1	1085 111
83	1080	0.7	1	975 105
84	1046	0.7	1	941 105
85	976	0.7	1	898 78
86	952	0.7	1	889 63
87	975	0.7	1	905 70
88	941	0.7	1	859 82
89	927	0.7	1	819 108
90	889	0.7	1	785 104
91	837	0.7	1	756 81
92	774	0.7	1	676 98
93	638	0.7	1	573 65
94	695	0.7	1	524 171
95	646	0.7	1	545 101
96	600	0.7	1	528 72
97	595	0.7	1	536 59
98	580	0.7	1	506 74
99	525	0.7	1	475 50
100	536	0.7	1	472 64
101	524	0.7	1	459 65
102	449	0.7	1	389 60
103	455	0.7	1	392 63
104	419	0.7	1	355 64
105	410	0.7	1	359 51
106	413	0.7	1	367 46
107	384	0.7	1	340 44
108	384	0.7	1	344 40
109	447	0.7	1	384 63
110	357	0.7	1	295 62
111	365	0.7	1	300 65
112	361	0.7	1	314 47
113	339	0.7	1	278 61
114	333	0.7	1	272 61
115	268	0.7	1	242 26
116	320	0.7	1	270 50
117	275	0.7	1	215 60
118	243	0.7	1	209 34
119	259	0.7	1	208 51
120	235	0.7	1	189 46
121	202	0.7	1	169 33
122	163	0.7	1	140 23
123	145	0.7	1	113 32
124	193	0.7	1	148 45
125	160	0.7	1	114 46
126	184	0.7	1	113 71
127	133	0.7	1	81 52
128	127	0.7	1	79 48
129	131	0.7	1	88 43
130	141	0.7	1	119 22
131	101	0.7	1	66 35
132	132	0.7	1	104 28
133	114	0.7	1	72 42
134	542	0.7	1	480 62
135	136	0.7	1	94 42
136	111	0.7	1	48 63
137	148	0.7	1	109 39
138	219	0.7	1	173 46
139	125	0.7	1	88 37
140	118	0.7	1	63 55
141	579	0.7	1	546 33
142	146	0.7	1	108 38
143	134	0.7	1	85 49
144	110	0.7	1	74 36
145	136	0.7	1	59 77
146	105	0.7	1	50 55
147	212	0.7	1	60 152
148	205	0.7	1	50 155
149	3182	0.7	1	70 3112
150	184217	0.7	1	3189 181028

RUN STATISTICS FOR INPUT FILE: raw/2_R1_001.fastq.gz
=============================================
46718593 sequences processed in total

