
SUMMARISING RUN PARAMETERS
==========================
Input filename: raw/2_R2_001.fastq.gz
Trimming mode: paired-end
Trim Galore version: 0.6.6
Cutadapt version: 4.1
Python version: 3.9.12
Number of cores used for trimming: 8
Quality Phred score cutoff: 20
Quality encoding type selected: ASCII+33
Adapter sequence: 'AGATCGGAAGAGC' (Illumina TruSeq, Sanger iPCR; user defined)
Maximum trimming error rate: 0.1 (default)
Minimum required adapter overlap (stringency): 3 bp
Minimum required sequence length for both reads before a sequence pair gets removed: 20 bp
Output file will be GZIP compressed


This is cutadapt 4.1 with Python 3.9.12
Command line parameters: -j 8 -e 0.1 -q 20 -O 3 -a AGATCGGAAGAGC raw/2_R2_001.fastq.gz
Processing single-end reads on 8 cores ...
Finished in 514.57 s (11 µs/read; 5.45 M reads/minute).

=== Summary ===

Total reads processed:              46,718,593
Reads with adapters:                 4,963,541 (10.6%)
Reads written (passing filters):    46,718,593 (100.0%)

Total basepairs processed: 7,007,788,950 bp
Quality-trimmed:              29,937,350 bp (0.4%)
Total written (filtered):  6,889,850,618 bp (98.3%)

=== Adapter 1 ===

Sequence: AGATCGGAAGAGC; Type: regular 3'; Length: 13; Trimmed: 4963541 times

Minimum overlap: 3
No. of allowed errors:
1-9 bp: 0; 10-13 bp: 1

Bases preceding removed adapters:
  A: 23.8%
  C: 29.6%
  G: 28.2%
  T: 18.3%
  none/other: 0.1%

Overview of removed sequences
length	count	expect	max.err	error counts
3	1091735	729978.0	0	1091735
4	342285	182494.5	0	342285
5	171158	45623.6	0	171158
6	127446	11405.9	0	127446
7	114687	2851.5	0	114687
8	106949	712.9	0	106949
9	101874	178.2	0	100680 1194
10	100094	44.6	1	95557 4537
11	100279	11.1	1	95986 4293
12	104752	2.8	1	100695 4057
13	104356	0.7	1	101119 3237
14	111181	0.7	1	107031 4150
15	114193	0.7	1	109823 4370
16	103715	0.7	1	99944 3771
17	100996	0.7	1	96908 4088
18	91774	0.7	1	88038 3736
19	192443	0.7	1	185272 7171
20	38511	0.7	1	36616 1895
21	27120	0.7	1	25895 1225
22	70802	0.7	1	68325 2477
23	83007	0.7	1	80099 2908
24	156944	0.7	1	150637 6307
25	45488	0.7	1	43343 2145
26	82553	0.7	1	79988 2565
27	153173	0.7	1	148469 4704
28	47749	0.7	1	46038 1711
29	81000	0.7	1	78808 2192
30	72058	0.7	1	70256 1802
31	15493	0.7	1	14728 765
32	108359	0.7	1	105655 2704
33	93612	0.7	1	91725 1887
34	29021	0.7	1	28122 899
35	46066	0.7	1	44928 1138
36	17206	0.7	1	16541 665
37	47616	0.7	1	46312 1304
38	125064	0.7	1	122797 2267
39	7927	0.7	1	7525 402
40	25453	0.7	1	24692 761
41	14715	0.7	1	14169 546
42	36909	0.7	1	36030 879
43	23205	0.7	1	22602 603
44	23663	0.7	1	22984 679
45	54733	0.7	1	53738 995
46	8261	0.7	1	7878 383
47	16411	0.7	1	15930 481
48	28874	0.7	1	28248 626
49	8480	0.7	1	8144 336
50	15296	0.7	1	14855 441
51	11901	0.7	1	11531 370
52	16613	0.7	1	16187 426
53	1819	0.7	1	1647 172
54	11331	0.7	1	10975 356
55	13773	0.7	1	13429 344
56	6774	0.7	1	6539 235
57	13810	0.7	1	13393 417
58	15019	0.7	1	14681 338
59	4655	0.7	1	4438 217
60	2698	0.7	1	2538 160
61	3319	0.7	1	3125 194
62	8775	0.7	1	8426 349
63	1248	0.7	1	1122 126
64	4478	0.7	1	4300 178
65	1781	0.7	1	1646 135
66	2820	0.7	1	2676 144
67	4479	0.7	1	4285 194
68	1822	0.7	1	1688 134
69	1122	0.7	1	998 124
70	3370	0.7	1	3203 167
71	814	0.7	1	714 100
72	1650	0.7	1	1514 136
73	2602	0.7	1	2451 151
74	2453	0.7	1	2307 146
75	1502	0.7	1	1386 116
76	511	0.7	1	433 78
77	750	0.7	1	680 70
78	1094	0.7	1	1007 87
79	1167	0.7	1	1082 85
80	1241	0.7	1	1156 85
81	1253	0.7	1	1149 104
82	1173	0.7	1	1063 110
83	1065	0.7	1	963 102
84	1014	0.7	1	909 105
85	969	0.7	1	885 84
86	962	0.7	1	888 74
87	1035	0.7	1	940 95
88	974	0.7	1	870 104
89	935	0.7	1	836 99
90	909	0.7	1	793 116
91	851	0.7	1	761 90
92	824	0.7	1	727 97
93	685	0.7	1	602 83
94	717	0.7	1	566 151
95	666	0.7	1	583 83
96	648	0.7	1	580 68
97	632	0.7	1	568 64
98	598	0.7	1	536 62
99	572	0.7	1	505 67
100	592	0.7	1	522 70
101	550	0.7	1	486 64
102	518	0.7	1	459 59
103	512	0.7	1	444 68
104	456	0.7	1	397 59
105	433	0.7	1	385 48
106	453	0.7	1	390 63
107	410	0.7	1	375 35
108	449	0.7	1	388 61
109	492	0.7	1	418 74
110	392	0.7	1	336 56
111	406	0.7	1	327 79
112	383	0.7	1	340 43
113	409	0.7	1	319 90
114	363	0.7	1	297 66
115	312	0.7	1	275 37
116	351	0.7	1	289 62
117	273	0.7	1	230 43
118	273	0.7	1	226 47
119	287	0.7	1	228 59
120	261	0.7	1	199 62
121	226	0.7	1	191 35
122	180	0.7	1	156 24
123	183	0.7	1	146 37
124	199	0.7	1	150 49
125	151	0.7	1	126 25
126	169	0.7	1	125 44
127	123	0.7	1	84 39
128	116	0.7	1	86 30
129	121	0.7	1	89 32
130	142	0.7	1	125 17
131	95	0.7	1	65 30
132	132	0.7	1	105 27
133	108	0.7	1	70 38
134	533	0.7	1	478 55
135	125	0.7	1	86 39
136	82	0.7	1	51 31
137	141	0.7	1	104 37
138	239	0.7	1	198 41
139	109	0.7	1	88 21
140	97	0.7	1	59 38
141	565	0.7	1	545 20
142	121	0.7	1	108 13
143	118	0.7	1	86 32
144	92	0.7	1	73 19
145	84	0.7	1	58 26
146	59	0.7	1	51 8
147	130	0.7	1	62 68
148	64	0.7	1	47 17
149	141	0.7	1	70 71
150	3762	0.7	1	3172 590

RUN STATISTICS FOR INPUT FILE: raw/2_R2_001.fastq.gz
=============================================
46718593 sequences processed in total

Total number of sequences analysed for the sequence pair length validation: 46718593

Number of sequence pairs removed because at least one read was shorter than the length cutoff (20 bp): 202363 (0.43%)
