
SUMMARISING RUN PARAMETERS
==========================
Input filename: raw/30_R1_001.fastq.gz
Trimming mode: paired-end
Trim Galore version: 0.6.6
Cutadapt version: 4.1
Python version: 3.9.12
Number of cores used for trimming: 8
Quality Phred score cutoff: 20
Quality encoding type selected: ASCII+33
Adapter sequence: 'AGATCGGAAGAGC' (Illumina TruSeq, Sanger iPCR; user defined)
Maximum trimming error rate: 0.1 (default)
Minimum required adapter overlap (stringency): 3 bp
Minimum required sequence length for both reads before a sequence pair gets removed: 20 bp
Output file will be GZIP compressed


This is cutadapt 4.1 with Python 3.9.12
Command line parameters: -j 8 -e 0.1 -q 20 -O 3 -a AGATCGGAAGAGC raw/30_R1_001.fastq.gz
Processing single-end reads on 8 cores ...
Finished in 499.43 s (10 µs/read; 5.72 M reads/minute).

=== Summary ===

Total reads processed:              47,617,122
Reads with adapters:                 4,530,719 (9.5%)
Reads written (passing filters):    47,617,122 (100.0%)

Total basepairs processed: 7,142,568,300 bp
Quality-trimmed:              10,085,569 bp (0.1%)
Total written (filtered):  7,043,419,483 bp (98.6%)

=== Adapter 1 ===

Sequence: AGATCGGAAGAGC; Type: regular 3'; Length: 13; Trimmed: 4530719 times

Minimum overlap: 3
No. of allowed errors:
1-9 bp: 0; 10-13 bp: 1

Bases preceding removed adapters:
  A: 24.2%
  C: 27.8%
  G: 28.7%
  T: 17.7%
  none/other: 1.7%

Overview of removed sequences
length	count	expect	max.err	error counts
3	1114182	744017.5	0	1114182
4	338297	186004.4	0	338297
5	154630	46501.1	0	154630
6	108592	11625.3	0	108592
7	95033	2906.3	0	95033
8	86903	726.6	0	86903
9	83686	181.6	0	81815 1871
10	80592	45.4	1	77061 3531
11	83772	11.4	1	80084 3688
12	86334	2.8	1	83028 3306
13	92573	0.7	1	88589 3984
14	96139	0.7	1	92031 4108
15	95566	0.7	1	91406 4160
16	90727	0.7	1	86829 3898
17	84080	0.7	1	80445 3635
18	73353	0.7	1	70588 2765
19	68007	0.7	1	65183 2824
20	65105	0.7	1	61966 3139
21	66371	0.7	1	63322 3049
22	68189	0.7	1	65399 2790
23	70896	0.7	1	68007 2889
24	75594	0.7	1	72421 3173
25	75038	0.7	1	71815 3223
26	71347	0.7	1	68506 2841
27	65474	0.7	1	62717 2757
28	58651	0.7	1	55924 2727
29	52685	0.7	1	50488 2197
30	47206	0.7	1	45368 1838
31	46388	0.7	1	44376 2012
32	48040	0.7	1	45843 2197
33	48329	0.7	1	46401 1928
34	51963	0.7	1	49762 2201
35	52286	0.7	1	50184 2102
36	50420	0.7	1	48280 2140
37	47040	0.7	1	45009 2031
38	39574	0.7	1	38129 1445
39	35224	0.7	1	33662 1562
40	31119	0.7	1	29711 1408
41	29839	0.7	1	28424 1415
42	28535	0.7	1	27297 1238
43	30203	0.7	1	28585 1618
44	40165	0.7	1	38730 1435
45	28511	0.7	1	27299 1212
46	30125	0.7	1	29292 833
47	15614	0.7	1	14841 773
48	22822	0.7	1	21882 940
49	19224	0.7	1	18370 854
50	17275	0.7	1	16574 701
51	14957	0.7	1	14230 727
52	17540	0.7	1	16743 797
53	20716	0.7	1	19979 737
54	14351	0.7	1	13675 676
55	19292	0.7	1	18430 862
56	25304	0.7	1	24555 749
57	20533	0.7	1	20028 505
58	10407	0.7	1	10134 273
59	4152	0.7	1	3981 171
60	2093	0.7	1	1944 149
61	1238	0.7	1	1112 126
62	1196	0.7	1	1095 101
63	1143	0.7	1	1058 85
64	857	0.7	1	772 85
65	719	0.7	1	607 112
66	684	0.7	1	593 91
67	1332	0.7	1	1225 107
68	1843	0.7	1	1735 108
69	1647	0.7	1	1531 116
70	1232	0.7	1	1126 106
71	1049	0.7	1	947 102
72	1028	0.7	1	907 121
73	1156	0.7	1	1025 131
74	1338	0.7	1	1215 123
75	1504	0.7	1	1370 134
76	1609	0.7	1	1478 131
77	1586	0.7	1	1475 111
78	1455	0.7	1	1364 91
79	1242	0.7	1	1132 110
80	1098	0.7	1	998 100
81	882	0.7	1	789 93
82	893	0.7	1	782 111
83	816	0.7	1	710 106
84	799	0.7	1	684 115
85	723	0.7	1	653 70
86	767	0.7	1	704 63
87	732	0.7	1	666 66
88	728	0.7	1	665 63
89	703	0.7	1	609 94
90	626	0.7	1	512 114
91	559	0.7	1	487 72
92	472	0.7	1	385 87
93	426	0.7	1	353 73
94	437	0.7	1	295 142
95	416	0.7	1	312 104
96	370	0.7	1	297 73
97	359	0.7	1	300 59
98	389	0.7	1	330 59
99	300	0.7	1	256 44
100	306	0.7	1	222 84
101	342	0.7	1	252 90
102	292	0.7	1	232 60
103	295	0.7	1	208 87
104	251	0.7	1	194 57
105	216	0.7	1	164 52
106	176	0.7	1	138 38
107	187	0.7	1	130 57
108	194	0.7	1	147 47
109	195	0.7	1	141 54
110	211	0.7	1	146 65
111	200	0.7	1	143 57
112	151	0.7	1	117 34
113	171	0.7	1	101 70
114	132	0.7	1	85 47
115	114	0.7	1	83 31
116	133	0.7	1	97 36
117	127	0.7	1	77 50
118	99	0.7	1	71 28
119	135	0.7	1	79 56
120	121	0.7	1	66 55
121	114	0.7	1	62 52
122	95	0.7	1	51 44
123	91	0.7	1	39 52
124	112	0.7	1	45 67
125	84	0.7	1	36 48
126	156	0.7	1	53 103
127	120	0.7	1	59 61
128	75	0.7	1	29 46
129	81	0.7	1	46 35
130	59	0.7	1	45 14
131	66	0.7	1	40 26
132	84	0.7	1	52 32
133	103	0.7	1	44 59
134	233	0.7	1	131 102
135	106	0.7	1	62 44
136	91	0.7	1	42 49
137	114	0.7	1	67 47
138	112	0.7	1	71 41
139	78	0.7	1	36 42
140	103	0.7	1	25 78
141	208	0.7	1	156 52
142	95	0.7	1	37 58
143	74	0.7	1	26 48
144	45	0.7	1	27 18
145	78	0.7	1	23 55
146	53	0.7	1	21 32
147	263	0.7	1	43 220
148	113	0.7	1	38 75
149	1341	0.7	1	25 1316
150	74908	0.7	1	1398 73510

RUN STATISTICS FOR INPUT FILE: raw/30_R1_001.fastq.gz
=============================================
47617122 sequences processed in total

