
SUMMARISING RUN PARAMETERS
==========================
Input filename: raw/30_R2_001.fastq.gz
Trimming mode: paired-end
Trim Galore version: 0.6.6
Cutadapt version: 4.1
Python version: 3.9.12
Number of cores used for trimming: 8
Quality Phred score cutoff: 20
Quality encoding type selected: ASCII+33
Adapter sequence: 'AGATCGGAAGAGC' (Illumina TruSeq, Sanger iPCR; user defined)
Maximum trimming error rate: 0.1 (default)
Minimum required adapter overlap (stringency): 3 bp
Minimum required sequence length for both reads before a sequence pair gets removed: 20 bp
Output file will be GZIP compressed


This is cutadapt 4.1 with Python 3.9.12
Command line parameters: -j 8 -e 0.1 -q 20 -O 3 -a AGATCGGAAGAGC raw/30_R2_001.fastq.gz
Processing single-end reads on 8 cores ...
Finished in 503.16 s (11 µs/read; 5.68 M reads/minute).

=== Summary ===

Total reads processed:              47,617,122
Reads with adapters:                 4,430,641 (9.3%)
Reads written (passing filters):    47,617,122 (100.0%)

Total basepairs processed: 7,142,568,300 bp
Quality-trimmed:              24,276,356 bp (0.3%)
Total written (filtered):  7,041,959,499 bp (98.6%)

=== Adapter 1 ===

Sequence: AGATCGGAAGAGC; Type: regular 3'; Length: 13; Trimmed: 4430641 times

Minimum overlap: 3
No. of allowed errors:
1-9 bp: 0; 10-13 bp: 1

Bases preceding removed adapters:
  A: 24.3%
  C: 28.3%
  G: 29.2%
  T: 18.2%
  none/other: 0.0%

Overview of removed sequences
length	count	expect	max.err	error counts
3	1084354	744017.5	0	1084354
4	336191	186004.4	0	336191
5	154023	46501.1	0	154023
6	109146	11625.3	0	109146
7	95372	2906.3	0	95372
8	87538	726.6	0	87538
9	83029	181.6	0	81925 1104
10	81900	45.4	1	78808 3092
11	83912	11.4	1	80957 2955
12	89759	2.8	1	86930 2829
13	90812	0.7	1	88418 2394
14	96940	0.7	1	93669 3271
15	98251	0.7	1	95057 3194
16	87686	0.7	1	84756 2930
17	84209	0.7	1	81205 3004
18	76409	0.7	1	73576 2833
19	142872	0.7	1	137909 4963
20	39439	0.7	1	37618 1821
21	30725	0.7	1	29541 1184
22	59681	0.7	1	57809 1872
23	71046	0.7	1	68842 2204
24	115438	0.7	1	111625 3813
25	45976	0.7	1	44354 1622
26	71696	0.7	1	69564 2132
27	115579	0.7	1	112150 3429
28	33721	0.7	1	32460 1261
29	69248	0.7	1	67362 1886
30	52881	0.7	1	51464 1417
31	16595	0.7	1	16014 581
32	59071	0.7	1	57488 1583
33	37609	0.7	1	36664 945
34	107832	0.7	1	105491 2341
35	23964	0.7	1	23200 764
36	71994	0.7	1	70488 1506
37	26297	0.7	1	25635 662
38	28858	0.7	1	28051 807
39	73440	0.7	1	72017 1423
40	18341	0.7	1	17736 605
41	15734	0.7	1	15278 456
42	22148	0.7	1	21561 587
43	36259	0.7	1	35424 835
44	15233	0.7	1	14743 490
45	53573	0.7	1	52527 1046
46	9274	0.7	1	8894 380
47	16277	0.7	1	15786 491
48	27436	0.7	1	26832 604
49	10163	0.7	1	9838 325
50	14935	0.7	1	14548 387
51	10700	0.7	1	10333 367
52	16555	0.7	1	16137 418
53	2273	0.7	1	2125 148
54	9867	0.7	1	9572 295
55	15539	0.7	1	15100 439
56	5973	0.7	1	5760 213
57	11873	0.7	1	11530 343
58	13893	0.7	1	13524 369
59	4466	0.7	1	4282 184
60	3152	0.7	1	2986 166
61	3245	0.7	1	3057 188
62	7250	0.7	1	7040 210
63	1252	0.7	1	1131 121
64	4475	0.7	1	4286 189
65	1946	0.7	1	1820 126
66	2830	0.7	1	2680 150
67	4509	0.7	1	4318 191
68	1501	0.7	1	1398 103
69	1057	0.7	1	955 102
70	2721	0.7	1	2592 129
71	692	0.7	1	583 109
72	1318	0.7	1	1169 149
73	1887	0.7	1	1755 132
74	2105	0.7	1	1983 122
75	1631	0.7	1	1519 112
76	569	0.7	1	459 110
77	607	0.7	1	525 82
78	925	0.7	1	843 82
79	1012	0.7	1	915 97
80	1002	0.7	1	899 103
81	882	0.7	1	784 98
82	871	0.7	1	772 99
83	834	0.7	1	739 95
84	811	0.7	1	718 93
85	784	0.7	1	686 98
86	783	0.7	1	716 67
87	779	0.7	1	678 101
88	770	0.7	1	688 82
89	739	0.7	1	641 98
90	678	0.7	1	548 130
91	604	0.7	1	530 74
92	484	0.7	1	405 79
93	444	0.7	1	382 62
94	475	0.7	1	337 138
95	462	0.7	1	356 106
96	377	0.7	1	308 69
97	385	0.7	1	324 61
98	420	0.7	1	367 53
99	315	0.7	1	271 44
100	352	0.7	1	273 79
101	351	0.7	1	283 68
102	317	0.7	1	255 62
103	311	0.7	1	240 71
104	277	0.7	1	225 52
105	250	0.7	1	190 60
106	221	0.7	1	163 58
107	210	0.7	1	164 46
108	219	0.7	1	160 59
109	212	0.7	1	164 48
110	221	0.7	1	168 53
111	223	0.7	1	161 62
112	159	0.7	1	132 27
113	182	0.7	1	118 64
114	148	0.7	1	99 49
115	144	0.7	1	101 43
116	141	0.7	1	105 36
117	148	0.7	1	103 45
118	109	0.7	1	90 19
119	148	0.7	1	97 51
120	141	0.7	1	85 56
121	126	0.7	1	77 49
122	112	0.7	1	55 57
123	112	0.7	1	61 51
124	112	0.7	1	54 58
125	70	0.7	1	38 32
126	122	0.7	1	54 68
127	103	0.7	1	61 42
128	81	0.7	1	38 43
129	84	0.7	1	50 34
130	80	0.7	1	50 30
131	58	0.7	1	41 17
132	80	0.7	1	57 23
133	100	0.7	1	38 62
134	229	0.7	1	134 95
135	107	0.7	1	61 46
136	81	0.7	1	40 41
137	132	0.7	1	71 61
138	114	0.7	1	77 37
139	78	0.7	1	39 39
140	135	0.7	1	27 108
141	216	0.7	1	154 62
142	82	0.7	1	35 47
143	67	0.7	1	28 39
144	54	0.7	1	29 25
145	50	0.7	1	23 27
146	38	0.7	1	21 17
147	205	0.7	1	42 163
148	67	0.7	1	39 28
149	72	0.7	1	32 40
150	1602	0.7	1	1397 205

RUN STATISTICS FOR INPUT FILE: raw/30_R2_001.fastq.gz
=============================================
47617122 sequences processed in total

Total number of sequences analysed for the sequence pair length validation: 47617122

Number of sequence pairs removed because at least one read was shorter than the length cutoff (20 bp): 90433 (0.19%)
