
SUMMARISING RUN PARAMETERS
==========================
Input filename: raw/31_R1_001.fastq.gz
Trimming mode: paired-end
Trim Galore version: 0.6.6
Cutadapt version: 4.1
Python version: 3.9.12
Number of cores used for trimming: 8
Quality Phred score cutoff: 20
Quality encoding type selected: ASCII+33
Adapter sequence: 'AGATCGGAAGAGC' (Illumina TruSeq, Sanger iPCR; user defined)
Maximum trimming error rate: 0.1 (default)
Minimum required adapter overlap (stringency): 3 bp
Minimum required sequence length for both reads before a sequence pair gets removed: 20 bp
Output file will be GZIP compressed


This is cutadapt 4.1 with Python 3.9.12
Command line parameters: -j 8 -e 0.1 -q 20 -O 3 -a AGATCGGAAGAGC raw/31_R1_001.fastq.gz
Processing single-end reads on 8 cores ...
Finished in 532.17 s (10 µs/read; 5.76 M reads/minute).

=== Summary ===

Total reads processed:              51,052,563
Reads with adapters:                 5,982,830 (11.7%)
Reads written (passing filters):    51,052,563 (100.0%)

Total basepairs processed: 7,657,884,450 bp
Quality-trimmed:              14,001,568 bp (0.2%)
Total written (filtered):  7,518,506,520 bp (98.2%)

=== Adapter 1 ===

Sequence: AGATCGGAAGAGC; Type: regular 3'; Length: 13; Trimmed: 5982830 times

Minimum overlap: 3
No. of allowed errors:
1-9 bp: 0; 10-13 bp: 1

Bases preceding removed adapters:
  A: 23.1%
  C: 28.5%
  G: 28.9%
  T: 18.2%
  none/other: 1.3%

Overview of removed sequences
length	count	expect	max.err	error counts
3	1184688	797696.3	0	1184688
4	385299	199424.1	0	385299
5	194402	49856.0	0	194402
6	146129	12464.0	0	146129
7	130507	3116.0	0	130507
8	120150	779.0	0	120150
9	116916	194.8	0	114984 1932
10	112172	48.7	1	107595 4577
11	117309	12.2	1	112531 4778
12	119481	3.0	1	115301 4180
13	128197	0.8	1	123195 5002
14	133118	0.8	1	127961 5157
15	133452	0.8	1	128192 5260
16	127910	0.8	1	122920 4990
17	119227	0.8	1	114246 4981
18	104481	0.8	1	100856 3625
19	96651	0.8	1	93066 3585
20	93359	0.8	1	89102 4257
21	94859	0.8	1	90740 4119
22	97129	0.8	1	93341 3788
23	103015	0.8	1	99231 3784
24	108347	0.8	1	104148 4199
25	108516	0.8	1	104186 4330
26	103994	0.8	1	100360 3634
27	96098	0.8	1	92333 3765
28	87194	0.8	1	83428 3766
29	77616	0.8	1	74663 2953
30	69648	0.8	1	67193 2455
31	69057	0.8	1	66299 2758
32	72127	0.8	1	69100 3027
33	74547	0.8	1	71631 2916
34	75877	0.8	1	73060 2817
35	78882	0.8	1	76072 2810
36	75236	0.8	1	72475 2761
37	70365	0.8	1	67701 2664
38	63978	0.8	1	61279 2699
39	51871	0.8	1	49997 1874
40	47676	0.8	1	45941 1735
41	44846	0.8	1	43171 1675
42	46316	0.8	1	44320 1996
43	44002	0.8	1	42195 1807
44	65214	0.8	1	62917 2297
45	36686	0.8	1	35328 1358
46	48109	0.8	1	46694 1415
47	31609	0.8	1	30355 1254
48	37286	0.8	1	35988 1298
49	29910	0.8	1	28833 1077
50	26881	0.8	1	25930 951
51	22930	0.8	1	21979 951
52	26518	0.8	1	25498 1020
53	30884	0.8	1	29910 974
54	22060	0.8	1	21118 942
55	31478	0.8	1	30332 1146
56	42284	0.8	1	41128 1156
57	34849	0.8	1	34014 835
58	17974	0.8	1	17521 453
59	6717	0.8	1	6487 230
60	3487	0.8	1	3316 171
61	1980	0.8	1	1832 148
62	2166	0.8	1	2035 131
63	2104	0.8	1	1955 149
64	1426	0.8	1	1323 103
65	1174	0.8	1	1017 157
66	1059	0.8	1	902 157
67	2149	0.8	1	1989 160
68	2970	0.8	1	2772 198
69	2411	0.8	1	2251 160
70	1961	0.8	1	1785 176
71	1692	0.8	1	1526 166
72	1797	0.8	1	1560 237
73	1920	0.8	1	1723 197
74	2164	0.8	1	1987 177
75	2408	0.8	1	2219 189
76	2524	0.8	1	2288 236
77	2393	0.8	1	2230 163
78	2216	0.8	1	2065 151
79	1959	0.8	1	1791 168
80	1661	0.8	1	1493 168
81	1423	0.8	1	1296 127
82	1307	0.8	1	1125 182
83	1201	0.8	1	1063 138
84	1068	0.8	1	927 141
85	1068	0.8	1	954 114
86	1076	0.8	1	976 100
87	1095	0.8	1	980 115
88	1078	0.8	1	985 93
89	959	0.8	1	867 92
90	863	0.8	1	742 121
91	752	0.8	1	651 101
92	659	0.8	1	557 102
93	497	0.8	1	449 48
94	498	0.8	1	384 114
95	497	0.8	1	403 94
96	455	0.8	1	397 58
97	468	0.8	1	398 70
98	464	0.8	1	384 80
99	408	0.8	1	362 46
100	452	0.8	1	348 104
101	416	0.8	1	337 79
102	358	0.8	1	292 66
103	312	0.8	1	224 88
104	308	0.8	1	254 54
105	261	0.8	1	220 41
106	269	0.8	1	193 76
107	341	0.8	1	215 126
108	259	0.8	1	184 75
109	270	0.8	1	197 73
110	233	0.8	1	169 64
111	212	0.8	1	153 59
112	160	0.8	1	116 44
113	168	0.8	1	110 58
114	194	0.8	1	141 53
115	163	0.8	1	106 57
116	168	0.8	1	112 56
117	203	0.8	1	115 88
118	220	0.8	1	176 44
119	252	0.8	1	165 87
120	179	0.8	1	102 77
121	223	0.8	1	146 77
122	222	0.8	1	104 118
123	142	0.8	1	67 75
124	166	0.8	1	49 117
125	89	0.8	1	51 38
126	177	0.8	1	55 122
127	103	0.8	1	50 53
128	86	0.8	1	39 47
129	112	0.8	1	48 64
130	132	0.8	1	58 74
131	88	0.8	1	49 39
132	75	0.8	1	49 26
133	104	0.8	1	40 64
134	271	0.8	1	204 67
135	114	0.8	1	49 65
136	97	0.8	1	28 69
137	107	0.8	1	52 55
138	97	0.8	1	68 29
139	51	0.8	1	33 18
140	123	0.8	1	28 95
141	208	0.8	1	155 53
142	87	0.8	1	35 52
143	69	0.8	1	35 34
144	59	0.8	1	35 24
145	67	0.8	1	18 49
146	77	0.8	1	36 41
147	293	0.8	1	31 262
148	136	0.8	1	18 118
149	1500	0.8	1	37 1463
150	76867	0.8	1	1186 75681

RUN STATISTICS FOR INPUT FILE: raw/31_R1_001.fastq.gz
=============================================
51052563 sequences processed in total

