
SUMMARISING RUN PARAMETERS
==========================
Input filename: raw/34_R1_001.fastq.gz
Trimming mode: paired-end
Trim Galore version: 0.6.6
Cutadapt version: 4.1
Python version: 3.9.12
Number of cores used for trimming: 8
Quality Phred score cutoff: 20
Quality encoding type selected: ASCII+33
Adapter sequence: 'AGATCGGAAGAGC' (Illumina TruSeq, Sanger iPCR; user defined)
Maximum trimming error rate: 0.1 (default)
Minimum required adapter overlap (stringency): 3 bp
Minimum required sequence length for both reads before a sequence pair gets removed: 20 bp
Output file will be GZIP compressed


This is cutadapt 4.1 with Python 3.9.12
Command line parameters: -j 8 -e 0.1 -q 20 -O 3 -a AGATCGGAAGAGC raw/34_R1_001.fastq.gz
Processing single-end reads on 8 cores ...
Finished in 497.43 s (11 µs/read; 5.39 M reads/minute).

=== Summary ===

Total reads processed:              44,690,376
Reads with adapters:                 4,584,902 (10.3%)
Reads written (passing filters):    44,690,376 (100.0%)

Total basepairs processed: 6,703,556,400 bp
Quality-trimmed:              15,862,047 bp (0.2%)
Total written (filtered):  6,591,218,691 bp (98.3%)

=== Adapter 1 ===

Sequence: AGATCGGAAGAGC; Type: regular 3'; Length: 13; Trimmed: 4584902 times

Minimum overlap: 3
No. of allowed errors:
1-9 bp: 0; 10-13 bp: 1

Bases preceding removed adapters:
  A: 23.7%
  C: 28.4%
  G: 28.0%
  T: 16.9%
  none/other: 2.9%

Overview of removed sequences
length	count	expect	max.err	error counts
3	1078339	698287.1	0	1078339
4	333881	174571.8	0	333881
5	158986	43642.9	0	158986
6	113759	10910.7	0	113759
7	101328	2727.7	0	101328
8	94200	681.9	0	94200
9	91836	170.5	0	88930 2906
10	87826	42.6	1	83900 3926
11	89408	10.7	1	85822 3586
12	90415	2.7	1	87156 3259
13	94603	0.7	1	91381 3222
14	98082	0.7	1	94356 3726
15	97393	0.7	1	93711 3682
16	93886	0.7	1	90377 3509
17	88348	0.7	1	85067 3281
18	78564	0.7	1	76147 2417
19	74495	0.7	1	71924 2571
20	68457	0.7	1	65862 2595
21	68939	0.7	1	66407 2532
22	68815	0.7	1	66579 2236
23	71487	0.7	1	69018 2469
24	77040	0.7	1	73995 3045
25	72856	0.7	1	70405 2451
26	72414	0.7	1	69950 2464
27	68227	0.7	1	65680 2547
28	60905	0.7	1	58476 2429
29	55559	0.7	1	53492 2067
30	48702	0.7	1	47015 1687
31	46920	0.7	1	45231 1689
32	47766	0.7	1	45857 1909
33	48003	0.7	1	46213 1790
34	50169	0.7	1	48223 1946
35	52230	0.7	1	50164 2066
36	47766	0.7	1	46415 1351
37	45660	0.7	1	43995 1665
38	39364	0.7	1	38203 1161
39	34642	0.7	1	33442 1200
40	30435	0.7	1	29475 960
41	27708	0.7	1	26730 978
42	26744	0.7	1	25694 1050
43	28210	0.7	1	26855 1355
44	40638	0.7	1	39465 1173
45	25332	0.7	1	24605 727
46	19975	0.7	1	19349 626
47	17747	0.7	1	17192 555
48	20351	0.7	1	19728 623
49	17843	0.7	1	17260 583
50	15267	0.7	1	14735 532
51	12957	0.7	1	12481 476
52	12807	0.7	1	12335 472
53	13117	0.7	1	12685 432
54	11724	0.7	1	11299 425
55	13056	0.7	1	12625 431
56	15808	0.7	1	15328 480
57	15260	0.7	1	14833 427
58	12053	0.7	1	11753 300
59	6700	0.7	1	6496 204
60	4331	0.7	1	4177 154
61	2485	0.7	1	2370 115
62	2903	0.7	1	2784 119
63	2751	0.7	1	2650 101
64	2330	0.7	1	2231 99
65	1341	0.7	1	1256 85
66	1458	0.7	1	1390 68
67	1940	0.7	1	1847 93
68	2272	0.7	1	2185 87
69	2065	0.7	1	1963 102
70	1686	0.7	1	1591 95
71	1423	0.7	1	1332 91
72	1260	0.7	1	1176 84
73	1272	0.7	1	1179 93
74	1211	0.7	1	1122 89
75	1290	0.7	1	1203 87
76	1319	0.7	1	1225 94
77	1399	0.7	1	1288 111
78	1188	0.7	1	1105 83
79	1113	0.7	1	1019 94
80	968	0.7	1	864 104
81	760	0.7	1	693 67
82	705	0.7	1	632 73
83	649	0.7	1	574 75
84	574	0.7	1	525 49
85	568	0.7	1	522 46
86	574	0.7	1	515 59
87	558	0.7	1	509 49
88	556	0.7	1	491 65
89	521	0.7	1	456 65
90	531	0.7	1	454 77
91	426	0.7	1	369 57
92	409	0.7	1	334 75
93	351	0.7	1	311 40
94	370	0.7	1	274 96
95	329	0.7	1	252 77
96	288	0.7	1	248 40
97	332	0.7	1	241 91
98	354	0.7	1	288 66
99	330	0.7	1	273 57
100	290	0.7	1	204 86
101	267	0.7	1	205 62
102	234	0.7	1	187 47
103	223	0.7	1	180 43
104	182	0.7	1	143 39
105	194	0.7	1	149 45
106	194	0.7	1	148 46
107	204	0.7	1	142 62
108	200	0.7	1	150 50
109	216	0.7	1	170 46
110	171	0.7	1	125 46
111	168	0.7	1	117 51
112	168	0.7	1	144 24
113	176	0.7	1	129 47
114	209	0.7	1	131 78
115	170	0.7	1	120 50
116	189	0.7	1	152 37
117	131	0.7	1	80 51
118	156	0.7	1	120 36
119	141	0.7	1	95 46
120	135	0.7	1	97 38
121	118	0.7	1	89 29
122	95	0.7	1	68 27
123	119	0.7	1	78 41
124	120	0.7	1	74 46
125	103	0.7	1	71 32
126	120	0.7	1	60 60
127	87	0.7	1	59 28
128	78	0.7	1	46 32
129	58	0.7	1	40 18
130	92	0.7	1	74 18
131	94	0.7	1	63 31
132	82	0.7	1	55 27
133	77	0.7	1	40 37
134	439	0.7	1	409 30
135	105	0.7	1	81 24
136	82	0.7	1	50 32
137	95	0.7	1	71 24
138	96	0.7	1	78 18
139	90	0.7	1	78 12
140	70	0.7	1	40 30
141	429	0.7	1	396 33
142	98	0.7	1	71 27
143	96	0.7	1	70 26
144	62	0.7	1	43 19
145	55	0.7	1	24 31
146	57	0.7	1	26 31
147	154	0.7	1	35 119
148	130	0.7	1	39 91
149	2346	0.7	1	52 2294
150	133045	0.7	1	2512 130533

RUN STATISTICS FOR INPUT FILE: raw/34_R1_001.fastq.gz
=============================================
44690376 sequences processed in total

