
SUMMARISING RUN PARAMETERS
==========================
Input filename: raw/4_R1_001.fastq.gz
Trimming mode: paired-end
Trim Galore version: 0.6.6
Cutadapt version: 4.1
Python version: 3.9.12
Number of cores used for trimming: 8
Quality Phred score cutoff: 20
Quality encoding type selected: ASCII+33
Adapter sequence: 'AGATCGGAAGAGC' (Illumina TruSeq, Sanger iPCR; user defined)
Maximum trimming error rate: 0.1 (default)
Minimum required adapter overlap (stringency): 3 bp
Minimum required sequence length for both reads before a sequence pair gets removed: 20 bp
Output file will be GZIP compressed


This is cutadapt 4.1 with Python 3.9.12
Command line parameters: -j 8 -e 0.1 -q 20 -O 3 -a AGATCGGAAGAGC raw/4_R1_001.fastq.gz
Processing single-end reads on 8 cores ...
Finished in 592.19 s (11 µs/read; 5.43 M reads/minute).

=== Summary ===

Total reads processed:              53,614,332
Reads with adapters:                 6,179,676 (11.5%)
Reads written (passing filters):    53,614,332 (100.0%)

Total basepairs processed: 8,042,149,800 bp
Quality-trimmed:              17,784,563 bp (0.2%)
Total written (filtered):  7,902,149,074 bp (98.3%)

=== Adapter 1 ===

Sequence: AGATCGGAAGAGC; Type: regular 3'; Length: 13; Trimmed: 6179676 times

Minimum overlap: 3
No. of allowed errors:
1-9 bp: 0; 10-13 bp: 1

Bases preceding removed adapters:
  A: 22.2%
  C: 30.0%
  G: 28.8%
  T: 17.4%
  none/other: 1.7%

Overview of removed sequences
length	count	expect	max.err	error counts
3	1277069	837723.9	0	1277069
4	423606	209431.0	0	423606
5	221236	52357.7	0	221236
6	167894	13089.4	0	167894
7	149839	3272.4	0	149839
8	138379	818.1	0	138379
9	133504	204.5	0	131055 2449
10	127593	51.1	1	122135 5458
11	130495	12.8	1	125387 5108
12	132814	3.2	1	128420 4394
13	140584	0.8	1	135876 4708
14	146309	0.8	1	141076 5233
15	146843	0.8	1	141633 5210
16	141108	0.8	1	135970 5138
17	130866	0.8	1	126336 4530
18	114598	0.8	1	111411 3187
19	106689	0.8	1	103245 3444
20	98316	0.8	1	94727 3589
21	98544	0.8	1	94957 3587
22	99682	0.8	1	96681 3001
23	104107	0.8	1	100600 3507
24	108918	0.8	1	105326 3592
25	111857	0.8	1	108022 3835
26	105086	0.8	1	101861 3225
27	98342	0.8	1	94882 3460
28	89310	0.8	1	85818 3492
29	76542	0.8	1	74011 2531
30	68375	0.8	1	66209 2166
31	65515	0.8	1	63215 2300
32	67990	0.8	1	65335 2655
33	67046	0.8	1	64717 2329
34	73832	0.8	1	70882 2950
35	71635	0.8	1	69460 2175
36	74284	0.8	1	71901 2383
37	61639	0.8	1	59584 2055
38	57091	0.8	1	55217 1874
39	47111	0.8	1	45824 1287
40	41944	0.8	1	40479 1465
41	37610	0.8	1	36438 1172
42	37558	0.8	1	36165 1393
43	36791	0.8	1	35532 1259
44	65796	0.8	1	63655 2141
45	33612	0.8	1	32658 954
46	41636	0.8	1	40614 1022
47	10531	0.8	1	10057 474
48	39421	0.8	1	38296 1125
49	19320	0.8	1	18600 720
50	25158	0.8	1	24344 814
51	17291	0.8	1	16663 628
52	40351	0.8	1	39421 930
53	37583	0.8	1	36819 764
54	8814	0.8	1	8479 335
55	22148	0.8	1	21679 469
56	24296	0.8	1	23877 419
57	8927	0.8	1	8662 265
58	3342	0.8	1	3192 150
59	2086	0.8	1	1988 98
60	899	0.8	1	789 110
61	1005	0.8	1	919 86
62	719	0.8	1	634 85
63	571	0.8	1	483 88
64	699	0.8	1	608 91
65	1505	0.8	1	1383 122
66	682	0.8	1	576 106
67	1486	0.8	1	1370 116
68	1574	0.8	1	1468 106
69	1348	0.8	1	1219 129
70	1190	0.8	1	1079 111
71	1289	0.8	1	1146 143
72	1283	0.8	1	1168 115
73	1473	0.8	1	1329 144
74	1604	0.8	1	1494 110
75	1692	0.8	1	1600 92
76	1859	0.8	1	1747 112
77	1792	0.8	1	1702 90
78	1586	0.8	1	1474 112
79	1462	0.8	1	1353 109
80	1184	0.8	1	1096 88
81	1080	0.8	1	941 139
82	882	0.8	1	736 146
83	852	0.8	1	701 151
84	758	0.8	1	665 93
85	774	0.8	1	686 88
86	702	0.8	1	640 62
87	768	0.8	1	695 73
88	705	0.8	1	638 67
89	671	0.8	1	574 97
90	591	0.8	1	498 93
91	552	0.8	1	467 85
92	512	0.8	1	415 97
93	421	0.8	1	361 60
94	410	0.8	1	302 108
95	394	0.8	1	294 100
96	397	0.8	1	335 62
97	414	0.8	1	329 85
98	377	0.8	1	331 46
99	358	0.8	1	309 49
100	315	0.8	1	267 48
101	297	0.8	1	246 51
102	278	0.8	1	225 53
103	248	0.8	1	174 74
104	261	0.8	1	197 64
105	267	0.8	1	203 64
106	234	0.8	1	170 64
107	264	0.8	1	199 65
108	303	0.8	1	193 110
109	230	0.8	1	178 52
110	239	0.8	1	172 67
111	237	0.8	1	128 109
112	176	0.8	1	126 50
113	201	0.8	1	118 83
114	176	0.8	1	126 50
115	146	0.8	1	109 37
116	191	0.8	1	112 79
117	211	0.8	1	128 83
118	249	0.8	1	200 49
119	227	0.8	1	160 67
120	158	0.8	1	108 50
121	232	0.8	1	164 68
122	149	0.8	1	106 43
123	138	0.8	1	72 66
124	113	0.8	1	63 50
125	89	0.8	1	48 41
126	119	0.8	1	60 59
127	108	0.8	1	59 49
128	82	0.8	1	48 34
129	86	0.8	1	47 39
130	125	0.8	1	71 54
131	216	0.8	1	165 51
132	103	0.8	1	65 38
133	83	0.8	1	37 46
134	288	0.8	1	252 36
135	112	0.8	1	47 65
136	86	0.8	1	45 41
137	111	0.8	1	63 48
138	133	0.8	1	98 35
139	71	0.8	1	49 22
140	71	0.8	1	29 42
141	320	0.8	1	266 54
142	86	0.8	1	56 30
143	90	0.8	1	54 36
144	73	0.8	1	46 27
145	99	0.8	1	42 57
146	75	0.8	1	36 39
147	176	0.8	1	59 117
148	165	0.8	1	54 111
149	1827	0.8	1	44 1783
150	101959	0.8	1	2391 99568

RUN STATISTICS FOR INPUT FILE: raw/4_R1_001.fastq.gz
=============================================
53614332 sequences processed in total

