
SUMMARISING RUN PARAMETERS
==========================
Input filename: raw/4_R2_001.fastq.gz
Trimming mode: paired-end
Trim Galore version: 0.6.6
Cutadapt version: 4.1
Python version: 3.9.12
Number of cores used for trimming: 8
Quality Phred score cutoff: 20
Quality encoding type selected: ASCII+33
Adapter sequence: 'AGATCGGAAGAGC' (Illumina TruSeq, Sanger iPCR; user defined)
Maximum trimming error rate: 0.1 (default)
Minimum required adapter overlap (stringency): 3 bp
Minimum required sequence length for both reads before a sequence pair gets removed: 20 bp
Output file will be GZIP compressed


This is cutadapt 4.1 with Python 3.9.12
Command line parameters: -j 8 -e 0.1 -q 20 -O 3 -a AGATCGGAAGAGC raw/4_R2_001.fastq.gz
Processing single-end reads on 8 cores ...
Finished in 595.23 s (11 µs/read; 5.40 M reads/minute).

=== Summary ===

Total reads processed:              53,614,332
Reads with adapters:                 6,052,293 (11.3%)
Reads written (passing filters):    53,614,332 (100.0%)

Total basepairs processed: 8,042,149,800 bp
Quality-trimmed:              29,927,194 bp (0.4%)
Total written (filtered):  7,908,132,030 bp (98.3%)

=== Adapter 1 ===

Sequence: AGATCGGAAGAGC; Type: regular 3'; Length: 13; Trimmed: 6052293 times

Minimum overlap: 3
No. of allowed errors:
1-9 bp: 0; 10-13 bp: 1

Bases preceding removed adapters:
  A: 22.3%
  C: 30.5%
  G: 29.3%
  T: 17.8%
  none/other: 0.1%

Overview of removed sequences
length	count	expect	max.err	error counts
3	1248552	837723.9	0	1248552
4	417264	209431.0	0	417264
5	220501	52357.7	0	220501
6	168063	13089.4	0	168063
7	150486	3272.4	0	150486
8	139356	818.1	0	139356
9	132748	204.5	0	130511 2237
10	129849	51.1	1	123851 5998
11	130659	12.8	1	125474 5185
12	136826	3.2	1	131749 5077
13	138875	0.8	1	134563 4312
14	147646	0.8	1	142298 5348
15	150575	0.8	1	145183 5392
16	136515	0.8	1	131628 4887
17	132583	0.8	1	127561 5022
18	119137	0.8	1	114582 4555
19	228057	0.8	1	219876 8181
20	63393	0.8	1	60665 2728
21	33990	0.8	1	32607 1383
22	85807	0.8	1	82958 2849
23	104374	0.8	1	100920 3454
24	186814	0.8	1	180210 6604
25	57236	0.8	1	54770 2466
26	104262	0.8	1	100943 3319
27	182665	0.8	1	176974 5691
28	49411	0.8	1	47600 1811
29	94116	0.8	1	91447 2669
30	74024	0.8	1	71951 2073
31	21274	0.8	1	20426 848
32	78995	0.8	1	76708 2287
33	45518	0.8	1	44260 1258
34	67357	0.8	1	65235 2122
35	157857	0.8	1	153948 3909
36	34461	0.8	1	33203 1258
37	104684	0.8	1	102226 2458
38	110938	0.8	1	108782 2156
39	43984	0.8	1	42753 1231
40	13761	0.8	1	13272 489
41	45085	0.8	1	44028 1057
42	14161	0.8	1	13656 505
43	39299	0.8	1	38400 899
44	18834	0.8	1	18148 686
45	73760	0.8	1	72309 1451
46	6504	0.8	1	6166 338
47	16592	0.8	1	16063 529
48	28323	0.8	1	27618 705
49	6065	0.8	1	5716 349
50	14184	0.8	1	13636 548
51	12106	0.8	1	11665 441
52	14693	0.8	1	14278 415
53	1281	0.8	1	1111 170
54	10748	0.8	1	10397 351
55	13138	0.8	1	12769 369
56	5338	0.8	1	5110 228
57	14265	0.8	1	13831 434
58	9869	0.8	1	9525 344
59	2843	0.8	1	2670 173
60	1993	0.8	1	1834 159
61	2027	0.8	1	1874 153
62	6248	0.8	1	6020 228
63	917	0.8	1	786 131
64	3211	0.8	1	3047 164
65	1320	0.8	1	1151 169
66	2164	0.8	1	2012 152
67	3672	0.8	1	3477 195
68	1697	0.8	1	1546 151
69	954	0.8	1	794 160
70	2846	0.8	1	2659 187
71	758	0.8	1	623 135
72	1353	0.8	1	1208 145
73	2121	0.8	1	1932 189
74	2159	0.8	1	2021 138
75	1315	0.8	1	1201 114
76	481	0.8	1	393 88
77	618	0.8	1	547 71
78	891	0.8	1	778 113
79	1079	0.8	1	999 80
80	1002	0.8	1	918 84
81	929	0.8	1	804 125
82	822	0.8	1	675 147
83	809	0.8	1	670 139
84	770	0.8	1	653 117
85	765	0.8	1	650 115
86	717	0.8	1	648 69
87	809	0.8	1	716 93
88	709	0.8	1	643 66
89	673	0.8	1	588 85
90	658	0.8	1	522 136
91	577	0.8	1	491 86
92	553	0.8	1	458 95
93	467	0.8	1	398 69
94	473	0.8	1	376 97
95	427	0.8	1	334 93
96	466	0.8	1	376 90
97	426	0.8	1	359 67
98	442	0.8	1	362 80
99	396	0.8	1	333 63
100	363	0.8	1	301 62
101	339	0.8	1	274 65
102	315	0.8	1	258 57
103	290	0.8	1	223 67
104	292	0.8	1	219 73
105	286	0.8	1	233 53
106	269	0.8	1	215 54
107	298	0.8	1	227 71
108	365	0.8	1	222 143
109	283	0.8	1	207 76
110	284	0.8	1	205 79
111	255	0.8	1	172 83
112	204	0.8	1	149 55
113	222	0.8	1	144 78
114	217	0.8	1	158 59
115	190	0.8	1	140 50
116	189	0.8	1	121 68
117	215	0.8	1	137 78
118	214	0.8	1	147 67
119	196	0.8	1	128 68
120	150	0.8	1	107 43
121	207	0.8	1	122 85
122	150	0.8	1	103 47
123	149	0.8	1	78 71
124	118	0.8	1	71 47
125	102	0.8	1	60 42
126	138	0.8	1	81 57
127	96	0.8	1	58 38
128	104	0.8	1	61 43
129	106	0.8	1	61 45
130	138	0.8	1	66 72
131	220	0.8	1	158 62
132	90	0.8	1	66 24
133	75	0.8	1	34 41
134	292	0.8	1	253 39
135	94	0.8	1	46 48
136	91	0.8	1	44 47
137	109	0.8	1	66 43
138	135	0.8	1	107 28
139	71	0.8	1	51 20
140	50	0.8	1	26 24
141	301	0.8	1	270 31
142	72	0.8	1	53 19
143	77	0.8	1	53 24
144	69	0.8	1	46 23
145	84	0.8	1	41 43
146	52	0.8	1	33 19
147	156	0.8	1	55 101
148	123	0.8	1	55 68
149	112	0.8	1	51 61
150	2861	0.8	1	2386 475

RUN STATISTICS FOR INPUT FILE: raw/4_R2_001.fastq.gz
=============================================
53614332 sequences processed in total

Total number of sequences analysed for the sequence pair length validation: 53614332

Number of sequence pairs removed because at least one read was shorter than the length cutoff (20 bp): 116978 (0.22%)
