
SUMMARISING RUN PARAMETERS
==========================
Input filename: raw/50_R2_001.fastq.gz
Trimming mode: paired-end
Trim Galore version: 0.6.6
Cutadapt version: 4.1
Python version: 3.9.12
Number of cores used for trimming: 8
Quality Phred score cutoff: 20
Quality encoding type selected: ASCII+33
Adapter sequence: 'AGATCGGAAGAGC' (Illumina TruSeq, Sanger iPCR; user defined)
Maximum trimming error rate: 0.1 (default)
Minimum required adapter overlap (stringency): 3 bp
Minimum required sequence length for both reads before a sequence pair gets removed: 20 bp
Output file will be GZIP compressed


This is cutadapt 4.1 with Python 3.9.12
Command line parameters: -j 8 -e 0.1 -q 20 -O 3 -a AGATCGGAAGAGC raw/50_R2_001.fastq.gz
Processing single-end reads on 8 cores ...
Finished in 513.51 s (11 µs/read; 5.37 M reads/minute).

=== Summary ===

Total reads processed:              45,951,723
Reads with adapters:                 5,444,312 (11.8%)
Reads written (passing filters):    45,951,723 (100.0%)

Total basepairs processed: 6,892,758,450 bp
Quality-trimmed:              27,029,035 bp (0.4%)
Total written (filtered):  6,766,540,019 bp (98.2%)

=== Adapter 1 ===

Sequence: AGATCGGAAGAGC; Type: regular 3'; Length: 13; Trimmed: 5444312 times

Minimum overlap: 3
No. of allowed errors:
1-9 bp: 0; 10-13 bp: 1

Bases preceding removed adapters:
  A: 22.9%
  C: 30.0%
  G: 29.2%
  T: 17.8%
  none/other: 0.0%

Overview of removed sequences
length	count	expect	max.err	error counts
3	1046126	717995.7	0	1046126
4	359389	179498.9	0	359389
5	185604	44874.7	0	185604
6	143213	11218.7	0	143213
7	128011	2804.7	0	128011
8	118116	701.2	0	118116
9	112405	175.3	0	111260 1145
10	109955	43.8	1	105142 4813
11	110696	11.0	1	106135 4561
12	123807	2.7	1	118806 5001
13	115538	0.7	1	111871 3667
14	129382	0.7	1	123457 5925
15	132899	0.7	1	127196 5703
16	118158	0.7	1	113283 4875
17	117375	0.7	1	111702 5673
18	104034	0.7	1	99543 4491
19	214536	0.7	1	205253 9283
20	44154	0.7	1	41586 2568
21	31240	0.7	1	29758 1482
22	79703	0.7	1	76487 3216
23	95430	0.7	1	91423 4007
24	187709	0.7	1	179239 8470
25	54546	0.7	1	51556 2990
26	98603	0.7	1	94877 3726
27	177458	0.7	1	171266 6192
28	61068	0.7	1	58711 2357
29	88350	0.7	1	85531 2819
30	90991	0.7	1	88204 2787
31	16321	0.7	1	15267 1054
32	173160	0.7	1	168463 4697
33	72995	0.7	1	70957 2038
34	34684	0.7	1	33435 1249
35	26658	0.7	1	25652 1006
36	44655	0.7	1	43077 1578
37	88442	0.7	1	85889 2553
38	56285	0.7	1	54814 1471
39	42809	0.7	1	41501 1308
40	11916	0.7	1	11322 594
41	32525	0.7	1	31337 1188
42	70040	0.7	1	68044 1996
43	29064	0.7	1	28111 953
44	31962	0.7	1	30811 1151
45	65614	0.7	1	64111 1503
46	7907	0.7	1	7409 498
47	23711	0.7	1	22877 834
48	30395	0.7	1	29548 847
49	7842	0.7	1	7448 394
50	16921	0.7	1	16287 634
51	13300	0.7	1	12822 478
52	20114	0.7	1	19503 611
53	1993	0.7	1	1780 213
54	13046	0.7	1	12597 449
55	16018	0.7	1	15515 503
56	7613	0.7	1	7253 360
57	15483	0.7	1	14923 560
58	18067	0.7	1	17536 531
59	6135	0.7	1	5862 273
60	2686	0.7	1	2496 190
61	3596	0.7	1	3402 194
62	8947	0.7	1	8564 383
63	1331	0.7	1	1206 125
64	4784	0.7	1	4567 217
65	1838	0.7	1	1679 159
66	2976	0.7	1	2807 169
67	4871	0.7	1	4610 261
68	1791	0.7	1	1648 143
69	1160	0.7	1	1025 135
70	3185	0.7	1	2998 187
71	911	0.7	1	774 137
72	1507	0.7	1	1365 142
73	2269	0.7	1	2066 203
74	2444	0.7	1	2307 137
75	1825	0.7	1	1688 137
76	586	0.7	1	487 99
77	650	0.7	1	576 74
78	1001	0.7	1	902 99
79	1085	0.7	1	1003 82
80	1045	0.7	1	962 83
81	993	0.7	1	877 116
82	957	0.7	1	772 185
83	866	0.7	1	726 140
84	766	0.7	1	665 101
85	745	0.7	1	673 72
86	754	0.7	1	677 77
87	765	0.7	1	705 60
88	703	0.7	1	622 81
89	679	0.7	1	575 104
90	616	0.7	1	513 103
91	525	0.7	1	458 67
92	543	0.7	1	457 86
93	420	0.7	1	359 61
94	458	0.7	1	342 116
95	395	0.7	1	311 84
96	370	0.7	1	312 58
97	370	0.7	1	318 52
98	353	0.7	1	280 73
99	331	0.7	1	292 39
100	337	0.7	1	279 58
101	315	0.7	1	252 63
102	264	0.7	1	217 47
103	263	0.7	1	201 62
104	238	0.7	1	197 41
105	196	0.7	1	150 46
106	258	0.7	1	197 61
107	199	0.7	1	145 54
108	272	0.7	1	169 103
109	245	0.7	1	165 80
110	232	0.7	1	140 92
111	215	0.7	1	130 85
112	175	0.7	1	127 48
113	192	0.7	1	120 72
114	136	0.7	1	95 41
115	140	0.7	1	100 40
116	151	0.7	1	90 61
117	182	0.7	1	97 85
118	152	0.7	1	96 56
119	131	0.7	1	76 55
120	132	0.7	1	76 56
121	125	0.7	1	68 57
122	97	0.7	1	67 30
123	109	0.7	1	59 50
124	89	0.7	1	59 30
125	69	0.7	1	43 26
126	116	0.7	1	47 69
127	84	0.7	1	52 32
128	76	0.7	1	46 30
129	80	0.7	1	33 47
130	126	0.7	1	47 79
131	83	0.7	1	27 56
132	53	0.7	1	30 23
133	78	0.7	1	33 45
134	173	0.7	1	126 47
135	85	0.7	1	34 51
136	77	0.7	1	20 57
137	85	0.7	1	46 39
138	78	0.7	1	50 28
139	51	0.7	1	29 22
140	48	0.7	1	27 21
141	188	0.7	1	144 44
142	51	0.7	1	30 21
143	74	0.7	1	38 36
144	46	0.7	1	34 12
145	43	0.7	1	21 22
146	43	0.7	1	26 17
147	124	0.7	1	33 91
148	69	0.7	1	15 54
149	57	0.7	1	17 40
150	1142	0.7	1	961 181

RUN STATISTICS FOR INPUT FILE: raw/50_R2_001.fastq.gz
=============================================
45951723 sequences processed in total

Total number of sequences analysed for the sequence pair length validation: 45951723

Number of sequence pairs removed because at least one read was shorter than the length cutoff (20 bp): 65371 (0.14%)
