
SUMMARISING RUN PARAMETERS
==========================
Input filename: raw/50_R1_001.fastq.gz
Trimming mode: paired-end
Trim Galore version: 0.6.6
Cutadapt version: 4.1
Python version: 3.9.12
Number of cores used for trimming: 8
Quality Phred score cutoff: 20
Quality encoding type selected: ASCII+33
Adapter sequence: 'AGATCGGAAGAGC' (Illumina TruSeq, Sanger iPCR; user defined)
Maximum trimming error rate: 0.1 (default)
Minimum required adapter overlap (stringency): 3 bp
Minimum required sequence length for both reads before a sequence pair gets removed: 20 bp
Output file will be GZIP compressed


This is cutadapt 4.1 with Python 3.9.12
Command line parameters: -j 8 -e 0.1 -q 20 -O 3 -a AGATCGGAAGAGC raw/50_R1_001.fastq.gz
Processing single-end reads on 8 cores ...
Finished in 511.49 s (11 µs/read; 5.39 M reads/minute).

=== Summary ===

Total reads processed:              45,951,723
Reads with adapters:                 5,531,554 (12.0%)
Reads written (passing filters):    45,951,723 (100.0%)

Total basepairs processed: 6,892,758,450 bp
Quality-trimmed:              12,878,684 bp (0.2%)
Total written (filtered):  6,768,233,570 bp (98.2%)

=== Adapter 1 ===

Sequence: AGATCGGAAGAGC; Type: regular 3'; Length: 13; Trimmed: 5531554 times

Minimum overlap: 3
No. of allowed errors:
1-9 bp: 0; 10-13 bp: 1

Bases preceding removed adapters:
  A: 23.0%
  C: 29.6%
  G: 29.0%
  T: 17.4%
  none/other: 1.0%

Overview of removed sequences
length	count	expect	max.err	error counts
3	1074301	717995.7	0	1074301
4	362820	179498.9	0	362820
5	187253	44874.7	0	187253
6	142911	11218.7	0	142911
7	127782	2804.7	0	127782
8	116848	701.2	0	116848
9	112865	175.3	0	111101 1764
10	107476	43.8	1	102936 4540
11	110535	11.0	1	105794 4741
12	114897	2.7	1	110201 4696
13	122543	0.7	1	117161 5382
14	127365	0.7	1	121809 5556
15	129143	0.7	1	123534 5609
16	124189	0.7	1	118804 5385
17	114712	0.7	1	109923 4789
18	101049	0.7	1	97323 3726
19	94904	0.7	1	91084 3820
20	86630	0.7	1	82800 3830
21	88288	0.7	1	84581 3707
22	91104	0.7	1	87541 3563
23	94959	0.7	1	91001 3958
24	100649	0.7	1	96456 4193
25	102872	0.7	1	98592 4280
26	98082	0.7	1	94273 3809
27	91438	0.7	1	87561 3877
28	83611	0.7	1	79678 3933
29	72257	0.7	1	69202 3055
30	64903	0.7	1	62248 2655
31	63463	0.7	1	60733 2730
32	65982	0.7	1	62964 3018
33	65311	0.7	1	62656 2655
34	71310	0.7	1	67901 3409
35	73155	0.7	1	69961 3194
36	68034	0.7	1	65533 2501
37	65121	0.7	1	62405 2716
38	56540	0.7	1	54464 2076
39	49534	0.7	1	47555 1979
40	41808	0.7	1	40067 1741
41	39449	0.7	1	37942 1507
42	38669	0.7	1	37036 1633
43	40853	0.7	1	38861 1992
44	64532	0.7	1	62692 1840
45	29745	0.7	1	28768 977
46	24809	0.7	1	23747 1062
47	36376	0.7	1	35055 1321
48	31413	0.7	1	30236 1177
49	26580	0.7	1	25511 1069
50	22644	0.7	1	21738 906
51	19544	0.7	1	18677 867
52	18272	0.7	1	17510 762
53	17878	0.7	1	17138 740
54	17977	0.7	1	17266 711
55	18355	0.7	1	17644 711
56	17892	0.7	1	17210 682
57	16529	0.7	1	15888 641
58	14381	0.7	1	13780 601
59	11797	0.7	1	11357 440
60	9458	0.7	1	9082 376
61	7426	0.7	1	7125 301
62	7032	0.7	1	6752 280
63	6776	0.7	1	6507 269
64	6643	0.7	1	6411 232
65	5717	0.7	1	5469 248
66	5663	0.7	1	5359 304
67	5394	0.7	1	5123 271
68	4705	0.7	1	4474 231
69	4011	0.7	1	3799 212
70	3257	0.7	1	3075 182
71	2679	0.7	1	2499 180
72	2331	0.7	1	2186 145
73	2149	0.7	1	1988 161
74	2040	0.7	1	1904 136
75	2091	0.7	1	1952 139
76	1986	0.7	1	1868 118
77	2029	0.7	1	1918 111
78	1822	0.7	1	1694 128
79	1492	0.7	1	1411 81
80	1274	0.7	1	1172 102
81	1133	0.7	1	1014 119
82	1020	0.7	1	850 170
83	911	0.7	1	766 145
84	812	0.7	1	722 90
85	749	0.7	1	679 70
86	765	0.7	1	689 76
87	784	0.7	1	697 87
88	708	0.7	1	648 60
89	667	0.7	1	584 83
90	604	0.7	1	500 104
91	525	0.7	1	461 64
92	556	0.7	1	462 94
93	413	0.7	1	350 63
94	436	0.7	1	317 119
95	372	0.7	1	296 76
96	357	0.7	1	294 63
97	354	0.7	1	302 52
98	341	0.7	1	270 71
99	335	0.7	1	271 64
100	311	0.7	1	250 61
101	303	0.7	1	248 55
102	234	0.7	1	196 38
103	244	0.7	1	182 62
104	229	0.7	1	179 50
105	179	0.7	1	125 54
106	218	0.7	1	158 60
107	193	0.7	1	125 68
108	253	0.7	1	162 91
109	216	0.7	1	164 52
110	196	0.7	1	133 63
111	179	0.7	1	98 81
112	142	0.7	1	97 45
113	176	0.7	1	101 75
114	114	0.7	1	73 41
115	104	0.7	1	79 25
116	143	0.7	1	78 65
117	187	0.7	1	87 100
118	146	0.7	1	80 66
119	131	0.7	1	82 49
120	125	0.7	1	70 55
121	118	0.7	1	71 47
122	101	0.7	1	61 40
123	93	0.7	1	51 42
124	77	0.7	1	36 41
125	67	0.7	1	39 28
126	125	0.7	1	37 88
127	92	0.7	1	46 46
128	79	0.7	1	42 37
129	72	0.7	1	34 38
130	86	0.7	1	43 43
131	74	0.7	1	26 48
132	52	0.7	1	30 22
133	69	0.7	1	32 37
134	168	0.7	1	130 38
135	64	0.7	1	31 33
136	62	0.7	1	22 40
137	83	0.7	1	44 39
138	72	0.7	1	51 21
139	60	0.7	1	30 30
140	65	0.7	1	27 38
141	183	0.7	1	146 37
142	49	0.7	1	31 18
143	64	0.7	1	39 25
144	52	0.7	1	34 18
145	58	0.7	1	23 35
146	49	0.7	1	24 25
147	130	0.7	1	35 95
148	71	0.7	1	17 54
149	920	0.7	1	12 908
150	52120	0.7	1	948 51172

RUN STATISTICS FOR INPUT FILE: raw/50_R1_001.fastq.gz
=============================================
45951723 sequences processed in total

