
SUMMARISING RUN PARAMETERS
==========================
Input filename: raw/5_R1_001.fastq.gz
Trimming mode: paired-end
Trim Galore version: 0.6.6
Cutadapt version: 4.1
Python version: 3.9.12
Number of cores used for trimming: 8
Quality Phred score cutoff: 20
Quality encoding type selected: ASCII+33
Adapter sequence: 'AGATCGGAAGAGC' (Illumina TruSeq, Sanger iPCR; user defined)
Maximum trimming error rate: 0.1 (default)
Minimum required adapter overlap (stringency): 3 bp
Minimum required sequence length for both reads before a sequence pair gets removed: 20 bp
Output file will be GZIP compressed


This is cutadapt 4.1 with Python 3.9.12
Command line parameters: -j 8 -e 0.1 -q 20 -O 3 -a AGATCGGAAGAGC raw/5_R1_001.fastq.gz
Processing single-end reads on 8 cores ...
Finished in 504.81 s (11 µs/read; 5.32 M reads/minute).

=== Summary ===

Total reads processed:              44,762,546
Reads with adapters:                 6,672,098 (14.9%)
Reads written (passing filters):    44,762,546 (100.0%)

Total basepairs processed: 6,714,381,900 bp
Quality-trimmed:              13,359,195 bp (0.2%)
Total written (filtered):  6,558,870,740 bp (97.7%)

=== Adapter 1 ===

Sequence: AGATCGGAAGAGC; Type: regular 3'; Length: 13; Trimmed: 6672098 times

Minimum overlap: 3
No. of allowed errors:
1-9 bp: 0; 10-13 bp: 1

Bases preceding removed adapters:
  A: 21.4%
  C: 30.6%
  G: 29.0%
  T: 17.9%
  none/other: 1.1%

Overview of removed sequences
length	count	expect	max.err	error counts
3	1059195	699414.8	0	1059195
4	382283	174853.7	0	382283
5	223108	43713.4	0	223108
6	178176	10928.4	0	178176
7	163324	2732.1	0	163324
8	150270	683.0	0	150270
9	143241	170.8	0	141426 1815
10	137189	42.7	1	131380 5809
11	141120	10.7	1	135107 6013
12	145398	2.7	1	139385 6013
13	155396	0.7	1	148522 6874
14	161309	0.7	1	154181 7128
15	162470	0.7	1	155069 7401
16	158603	0.7	1	151565 7038
17	146791	0.7	1	140378 6413
18	130171	0.7	1	125105 5066
19	120982	0.7	1	115863 5119
20	114478	0.7	1	109317 5161
21	113664	0.7	1	108396 5268
22	116440	0.7	1	111772 4668
23	122468	0.7	1	117073 5395
24	128455	0.7	1	122686 5769
25	132214	0.7	1	126445 5769
26	126155	0.7	1	120935 5220
27	118575	0.7	1	113381 5194
28	108438	0.7	1	103305 5133
29	94677	0.7	1	90513 4164
30	84137	0.7	1	80662 3475
31	82209	0.7	1	78467 3742
32	82777	0.7	1	78870 3907
33	83316	0.7	1	79674 3642
34	92077	0.7	1	87754 4323
35	93678	0.7	1	89734 3944
36	89314	0.7	1	85570 3744
37	84814	0.7	1	81348 3466
38	75584	0.7	1	72501 3083
39	62759	0.7	1	60151 2608
40	54656	0.7	1	52506 2150
41	50213	0.7	1	48136 2077
42	51315	0.7	1	49020 2295
43	51463	0.7	1	48872 2591
44	88169	0.7	1	85487 2682
45	39215	0.7	1	37976 1239
46	26791	0.7	1	25562 1229
47	47139	0.7	1	45406 1733
48	40930	0.7	1	39373 1557
49	34440	0.7	1	33018 1422
50	28764	0.7	1	27480 1284
51	24438	0.7	1	23440 998
52	22880	0.7	1	21903 977
53	22557	0.7	1	21640 917
54	22667	0.7	1	21755 912
55	24039	0.7	1	23114 925
56	23716	0.7	1	22813 903
57	21668	0.7	1	20818 850
58	18941	0.7	1	18194 747
59	14817	0.7	1	14216 601
60	11998	0.7	1	11540 458
61	8798	0.7	1	8478 320
62	8684	0.7	1	8340 344
63	8295	0.7	1	7972 323
64	8141	0.7	1	7833 308
65	6731	0.7	1	6415 316
66	6749	0.7	1	6458 291
67	6692	0.7	1	6410 282
68	6179	0.7	1	5873 306
69	4968	0.7	1	4721 247
70	3887	0.7	1	3634 253
71	3174	0.7	1	2964 210
72	2751	0.7	1	2491 260
73	2550	0.7	1	2374 176
74	2358	0.7	1	2232 126
75	2502	0.7	1	2356 146
76	2579	0.7	1	2452 127
77	2616	0.7	1	2417 199
78	2263	0.7	1	2136 127
79	2025	0.7	1	1848 177
80	1566	0.7	1	1390 176
81	1412	0.7	1	1207 205
82	1232	0.7	1	1073 159
83	1003	0.7	1	894 109
84	892	0.7	1	771 121
85	804	0.7	1	730 74
86	902	0.7	1	827 75
87	933	0.7	1	858 75
88	966	0.7	1	889 77
89	822	0.7	1	715 107
90	726	0.7	1	641 85
91	614	0.7	1	536 78
92	570	0.7	1	489 81
93	443	0.7	1	386 57
94	449	0.7	1	364 85
95	425	0.7	1	339 86
96	402	0.7	1	330 72
97	407	0.7	1	342 65
98	409	0.7	1	339 70
99	395	0.7	1	347 48
100	412	0.7	1	286 126
101	270	0.7	1	240 30
102	295	0.7	1	220 75
103	256	0.7	1	193 63
104	237	0.7	1	159 78
105	211	0.7	1	154 57
106	260	0.7	1	178 82
107	409	0.7	1	180 229
108	241	0.7	1	150 91
109	296	0.7	1	186 110
110	296	0.7	1	159 137
111	205	0.7	1	135 70
112	190	0.7	1	127 63
113	176	0.7	1	101 75
114	160	0.7	1	95 65
115	200	0.7	1	96 104
116	218	0.7	1	97 121
117	182	0.7	1	72 110
118	167	0.7	1	105 62
119	197	0.7	1	93 104
120	262	0.7	1	83 179
121	98	0.7	1	61 37
122	128	0.7	1	48 80
123	108	0.7	1	57 51
124	108	0.7	1	57 51
125	101	0.7	1	56 45
126	114	0.7	1	50 64
127	88	0.7	1	49 39
128	86	0.7	1	35 51
129	122	0.7	1	22 100
130	179	0.7	1	59 120
131	79	0.7	1	33 46
132	102	0.7	1	42 60
133	58	0.7	1	27 31
134	257	0.7	1	214 43
135	105	0.7	1	64 41
136	77	0.7	1	28 49
137	92	0.7	1	57 35
138	146	0.7	1	116 30
139	50	0.7	1	29 21
140	58	0.7	1	32 26
141	216	0.7	1	181 35
142	62	0.7	1	37 25
143	61	0.7	1	21 40
144	42	0.7	1	27 15
145	60	0.7	1	13 47
146	65	0.7	1	27 38
147	140	0.7	1	26 114
148	122	0.7	1	30 92
149	1268	0.7	1	29 1239
150	69381	0.7	1	1393 67988

RUN STATISTICS FOR INPUT FILE: raw/5_R1_001.fastq.gz
=============================================
44762546 sequences processed in total

