
SUMMARISING RUN PARAMETERS
==========================
Input filename: raw/5_R2_001.fastq.gz
Trimming mode: paired-end
Trim Galore version: 0.6.6
Cutadapt version: 4.1
Python version: 3.9.12
Number of cores used for trimming: 8
Quality Phred score cutoff: 20
Quality encoding type selected: ASCII+33
Adapter sequence: 'AGATCGGAAGAGC' (Illumina TruSeq, Sanger iPCR; user defined)
Maximum trimming error rate: 0.1 (default)
Minimum required adapter overlap (stringency): 3 bp
Minimum required sequence length for both reads before a sequence pair gets removed: 20 bp
Output file will be GZIP compressed


This is cutadapt 4.1 with Python 3.9.12
Command line parameters: -j 8 -e 0.1 -q 20 -O 3 -a AGATCGGAAGAGC raw/5_R2_001.fastq.gz
Processing single-end reads on 8 cores ...
Finished in 508.10 s (11 µs/read; 5.29 M reads/minute).

=== Summary ===

Total reads processed:              44,762,546
Reads with adapters:                 6,568,470 (14.7%)
Reads written (passing filters):    44,762,546 (100.0%)

Total basepairs processed: 6,714,381,900 bp
Quality-trimmed:              28,288,199 bp (0.4%)
Total written (filtered):  6,560,295,145 bp (97.7%)

=== Adapter 1 ===

Sequence: AGATCGGAAGAGC; Type: regular 3'; Length: 13; Trimmed: 6568470 times

Minimum overlap: 3
No. of allowed errors:
1-9 bp: 0; 10-13 bp: 1

Bases preceding removed adapters:
  A: 21.4%
  C: 31.0%
  G: 29.3%
  T: 18.3%
  none/other: 0.1%

Overview of removed sequences
length	count	expect	max.err	error counts
3	1035556	699414.8	0	1035556
4	378262	174853.7	0	378262
5	222747	43713.4	0	222747
6	178351	10928.4	0	178351
7	163719	2732.1	0	163719
8	152086	683.0	0	152086
9	143015	170.8	0	141805 1210
10	139668	42.7	1	134058 5610
11	141376	10.7	1	135803 5573
12	156355	2.7	1	150196 6159
13	146786	0.7	1	142299 4487
14	163649	0.7	1	156613 7036
15	167649	0.7	1	160744 6905
16	150761	0.7	1	144792 5969
17	150777	0.7	1	143867 6910
18	133822	0.7	1	128201 5621
19	272999	0.7	1	261827 11172
20	59131	0.7	1	55980 3151
21	42002	0.7	1	40134 1868
22	102409	0.7	1	98498 3911
23	123243	0.7	1	118325 4918
24	234581	0.7	1	224476 10105
25	71721	0.7	1	68163 3558
26	125881	0.7	1	121113 4768
27	224475	0.7	1	216632 7843
28	72277	0.7	1	69386 2891
29	122369	0.7	1	118556 3813
30	104206	0.7	1	101009 3197
31	24663	0.7	1	23548 1115
32	126811	0.7	1	122880 3931
33	145100	0.7	1	141561 3539
34	40228	0.7	1	38657 1571
35	170093	0.7	1	165880 4213
36	61244	0.7	1	59275 1969
37	38289	0.7	1	36923 1366
38	90342	0.7	1	87904 2438
39	26054	0.7	1	24986 1068
40	75716	0.7	1	73879 1837
41	24225	0.7	1	23411 814
42	44769	0.7	1	43328 1441
43	61010	0.7	1	59507 1503
44	30266	0.7	1	29193 1073
45	92461	0.7	1	90353 2108
46	10129	0.7	1	9563 566
47	29177	0.7	1	28211 966
48	43269	0.7	1	42131 1138
49	12446	0.7	1	11882 564
50	22032	0.7	1	21263 769
51	17576	0.7	1	17011 565
52	22802	0.7	1	22080 722
53	2521	0.7	1	2281 240
54	16477	0.7	1	15976 501
55	20554	0.7	1	19910 644
56	10070	0.7	1	9687 383
57	23475	0.7	1	22798 677
58	16885	0.7	1	16336 549
59	5063	0.7	1	4811 252
60	4371	0.7	1	4174 197
61	3640	0.7	1	3466 174
62	9722	0.7	1	9378 344
63	1710	0.7	1	1563 147
64	5806	0.7	1	5535 271
65	2242	0.7	1	2029 213
66	3841	0.7	1	3613 228
67	5832	0.7	1	5552 280
68	2466	0.7	1	2188 278
69	1525	0.7	1	1335 190
70	3938	0.7	1	3653 285
71	1030	0.7	1	893 137
72	1760	0.7	1	1531 229
73	2732	0.7	1	2567 165
74	2830	0.7	1	2708 122
75	1979	0.7	1	1864 115
76	637	0.7	1	551 86
77	897	0.7	1	790 107
78	1321	0.7	1	1207 114
79	1492	0.7	1	1354 138
80	1289	0.7	1	1127 162
81	1260	0.7	1	1053 207
82	1104	0.7	1	925 179
83	942	0.7	1	827 115
84	831	0.7	1	733 98
85	825	0.7	1	735 90
86	871	0.7	1	803 68
87	925	0.7	1	845 80
88	928	0.7	1	827 101
89	825	0.7	1	704 121
90	732	0.7	1	655 77
91	594	0.7	1	527 67
92	581	0.7	1	499 82
93	444	0.7	1	390 54
94	470	0.7	1	366 104
95	430	0.7	1	339 91
96	426	0.7	1	362 64
97	428	0.7	1	348 80
98	428	0.7	1	350 78
99	412	0.7	1	359 53
100	407	0.7	1	306 101
101	324	0.7	1	269 55
102	306	0.7	1	240 66
103	292	0.7	1	204 88
104	273	0.7	1	177 96
105	228	0.7	1	164 64
106	266	0.7	1	183 83
107	414	0.7	1	190 224
108	305	0.7	1	180 125
109	320	0.7	1	195 125
110	313	0.7	1	186 127
111	236	0.7	1	149 87
112	210	0.7	1	152 58
113	188	0.7	1	111 77
114	173	0.7	1	100 73
115	197	0.7	1	113 84
116	251	0.7	1	114 137
117	191	0.7	1	83 108
118	173	0.7	1	108 65
119	198	0.7	1	91 107
120	247	0.7	1	96 151
121	112	0.7	1	74 38
122	169	0.7	1	59 110
123	117	0.7	1	63 54
124	101	0.7	1	61 40
125	121	0.7	1	64 57
126	110	0.7	1	53 57
127	128	0.7	1	47 81
128	83	0.7	1	39 44
129	142	0.7	1	32 110
130	193	0.7	1	60 133
131	74	0.7	1	39 35
132	112	0.7	1	45 67
133	67	0.7	1	28 39
134	262	0.7	1	220 42
135	104	0.7	1	63 41
136	78	0.7	1	33 45
137	102	0.7	1	56 46
138	143	0.7	1	128 15
139	44	0.7	1	28 16
140	51	0.7	1	30 21
141	207	0.7	1	188 19
142	54	0.7	1	38 16
143	87	0.7	1	23 64
144	37	0.7	1	22 15
145	51	0.7	1	13 38
146	71	0.7	1	27 44
147	132	0.7	1	26 106
148	104	0.7	1	30 74
149	81	0.7	1	32 49
150	1685	0.7	1	1398 287

RUN STATISTICS FOR INPUT FILE: raw/5_R2_001.fastq.gz
=============================================
44762546 sequences processed in total

Total number of sequences analysed for the sequence pair length validation: 44762546

Number of sequence pairs removed because at least one read was shorter than the length cutoff (20 bp): 82736 (0.18%)
