
SUMMARISING RUN PARAMETERS
==========================
Input filename: raw/6_R1_001.fastq.gz
Trimming mode: paired-end
Trim Galore version: 0.6.6
Cutadapt version: 4.1
Python version: 3.9.12
Number of cores used for trimming: 8
Quality Phred score cutoff: 20
Quality encoding type selected: ASCII+33
Adapter sequence: 'AGATCGGAAGAGC' (Illumina TruSeq, Sanger iPCR; user defined)
Maximum trimming error rate: 0.1 (default)
Minimum required adapter overlap (stringency): 3 bp
Minimum required sequence length for both reads before a sequence pair gets removed: 20 bp
Output file will be GZIP compressed


This is cutadapt 4.1 with Python 3.9.12
Command line parameters: -j 8 -e 0.1 -q 20 -O 3 -a AGATCGGAAGAGC raw/6_R1_001.fastq.gz
Processing single-end reads on 8 cores ...
Finished in 411.53 s (11 µs/read; 5.42 M reads/minute).

=== Summary ===

Total reads processed:              37,180,446
Reads with adapters:                 4,056,087 (10.9%)
Reads written (passing filters):    37,180,446 (100.0%)

Total basepairs processed: 5,577,066,900 bp
Quality-trimmed:              11,102,211 bp (0.2%)
Total written (filtered):  5,483,612,359 bp (98.3%)

=== Adapter 1 ===

Sequence: AGATCGGAAGAGC; Type: regular 3'; Length: 13; Trimmed: 4056087 times

Minimum overlap: 3
No. of allowed errors:
1-9 bp: 0; 10-13 bp: 1

Bases preceding removed adapters:
  A: 23.1%
  C: 29.9%
  G: 28.3%
  T: 16.9%
  none/other: 1.8%

Overview of removed sequences
length	count	expect	max.err	error counts
3	853178	580944.5	0	853178
4	285113	145236.1	0	285113
5	141759	36309.0	0	141759
6	103491	9077.3	0	103491
7	92087	2269.3	0	92087
8	85981	567.3	0	85981
9	84035	141.8	0	81311 2724
10	80939	35.5	1	76807 4132
11	81481	8.9	1	78272 3209
12	84193	2.2	1	81081 3112
13	88489	0.6	1	85217 3272
14	92724	0.6	1	89191 3533
15	91746	0.6	1	88183 3563
16	88508	0.6	1	85194 3314
17	83121	0.6	1	79962 3159
18	72686	0.6	1	70309 2377
19	68804	0.6	1	66231 2573
20	63955	0.6	1	61472 2483
21	64783	0.6	1	62153 2630
22	64658	0.6	1	62406 2252
23	68279	0.6	1	65778 2501
24	75995	0.6	1	72872 3123
25	67214	0.6	1	64872 2342
26	68408	0.6	1	66076 2332
27	63747	0.6	1	61237 2510
28	57021	0.6	1	54746 2275
29	51173	0.6	1	49292 1881
30	45744	0.6	1	44106 1638
31	44455	0.6	1	42820 1635
32	45842	0.6	1	43878 1964
33	44321	0.6	1	42663 1658
34	48777	0.6	1	46758 2019
35	49452	0.6	1	47551 1901
36	47030	0.6	1	45414 1616
37	43575	0.6	1	41945 1630
38	38206	0.6	1	37052 1154
39	33004	0.6	1	31861 1143
40	29447	0.6	1	28375 1072
41	26371	0.6	1	25484 887
42	26113	0.6	1	25151 962
43	26574	0.6	1	25454 1120
44	41775	0.6	1	40514 1261
45	22964	0.6	1	22239 725
46	18521	0.6	1	17950 571
47	17371	0.6	1	16808 563
48	19654	0.6	1	19049 605
49	16896	0.6	1	16298 598
50	14257	0.6	1	13722 535
51	12257	0.6	1	11779 478
52	11751	0.6	1	11280 471
53	11560	0.6	1	11153 407
54	11258	0.6	1	10884 374
55	11353	0.6	1	10981 372
56	11566	0.6	1	11194 372
57	11531	0.6	1	11143 388
58	10201	0.6	1	9855 346
59	7492	0.6	1	7269 223
60	5689	0.6	1	5490 199
61	3744	0.6	1	3597 147
62	3831	0.6	1	3686 145
63	3885	0.6	1	3756 129
64	3470	0.6	1	3336 134
65	2448	0.6	1	2300 148
66	2440	0.6	1	2318 122
67	2583	0.6	1	2469 114
68	2591	0.6	1	2450 141
69	2155	0.6	1	2028 127
70	1792	0.6	1	1667 125
71	1482	0.6	1	1386 96
72	1314	0.6	1	1172 142
73	1224	0.6	1	1112 112
74	1155	0.6	1	1079 76
75	1195	0.6	1	1122 73
76	1245	0.6	1	1162 83
77	1179	0.6	1	1092 87
78	1102	0.6	1	1013 89
79	875	0.6	1	808 67
80	739	0.6	1	670 69
81	690	0.6	1	565 125
82	648	0.6	1	559 89
83	588	0.6	1	501 87
84	570	0.6	1	496 74
85	498	0.6	1	437 61
86	464	0.6	1	423 41
87	469	0.6	1	423 46
88	509	0.6	1	457 52
89	449	0.6	1	378 71
90	445	0.6	1	370 75
91	328	0.6	1	283 45
92	333	0.6	1	264 69
93	287	0.6	1	252 35
94	349	0.6	1	245 104
95	261	0.6	1	201 60
96	245	0.6	1	173 72
97	231	0.6	1	191 40
98	255	0.6	1	196 59
99	206	0.6	1	168 38
100	269	0.6	1	176 93
101	220	0.6	1	157 63
102	199	0.6	1	160 39
103	189	0.6	1	135 54
104	162	0.6	1	118 44
105	160	0.6	1	122 38
106	164	0.6	1	113 51
107	225	0.6	1	138 87
108	154	0.6	1	115 39
109	167	0.6	1	106 61
110	177	0.6	1	102 75
111	146	0.6	1	82 64
112	122	0.6	1	78 44
113	129	0.6	1	83 46
114	129	0.6	1	82 47
115	110	0.6	1	73 37
116	135	0.6	1	76 59
117	140	0.6	1	71 69
118	97	0.6	1	63 34
119	121	0.6	1	84 37
120	114	0.6	1	45 69
121	97	0.6	1	72 25
122	96	0.6	1	52 44
123	94	0.6	1	59 35
124	77	0.6	1	46 31
125	72	0.6	1	36 36
126	131	0.6	1	62 69
127	97	0.6	1	45 52
128	89	0.6	1	49 40
129	89	0.6	1	46 43
130	93	0.6	1	39 54
131	136	0.6	1	102 34
132	79	0.6	1	50 29
133	82	0.6	1	40 42
134	253	0.6	1	205 48
135	85	0.6	1	50 35
136	55	0.6	1	31 24
137	113	0.6	1	70 43
138	82	0.6	1	54 28
139	48	0.6	1	38 10
140	49	0.6	1	33 16
141	237	0.6	1	212 25
142	63	0.6	1	43 20
143	72	0.6	1	38 34
144	54	0.6	1	36 18
145	49	0.6	1	32 17
146	52	0.6	1	20 32
147	162	0.6	1	58 104
148	110	0.6	1	37 73
149	1295	0.6	1	33 1262
150	71898	0.6	1	1414 70484

RUN STATISTICS FOR INPUT FILE: raw/6_R1_001.fastq.gz
=============================================
37180446 sequences processed in total

