
SUMMARISING RUN PARAMETERS
==========================
Input filename: raw/6_R2_001.fastq.gz
Trimming mode: paired-end
Trim Galore version: 0.6.6
Cutadapt version: 4.1
Python version: 3.9.12
Number of cores used for trimming: 8
Quality Phred score cutoff: 20
Quality encoding type selected: ASCII+33
Adapter sequence: 'AGATCGGAAGAGC' (Illumina TruSeq, Sanger iPCR; user defined)
Maximum trimming error rate: 0.1 (default)
Minimum required adapter overlap (stringency): 3 bp
Minimum required sequence length for both reads before a sequence pair gets removed: 20 bp
Output file will be GZIP compressed


This is cutadapt 4.1 with Python 3.9.12
Command line parameters: -j 8 -e 0.1 -q 20 -O 3 -a AGATCGGAAGAGC raw/6_R2_001.fastq.gz
Processing single-end reads on 8 cores ...
Finished in 414.25 s (11 µs/read; 5.39 M reads/minute).

=== Summary ===

Total reads processed:              37,180,446
Reads with adapters:                 3,971,674 (10.7%)
Reads written (passing filters):    37,180,446 (100.0%)

Total basepairs processed: 5,577,066,900 bp
Quality-trimmed:              21,257,305 bp (0.4%)
Total written (filtered):  5,486,765,016 bp (98.4%)

=== Adapter 1 ===

Sequence: AGATCGGAAGAGC; Type: regular 3'; Length: 13; Trimmed: 3971674 times

Minimum overlap: 3
No. of allowed errors:
1-9 bp: 0; 10-13 bp: 1

Bases preceding removed adapters:
  A: 23.2%
  C: 30.5%
  G: 28.8%
  T: 17.4%
  none/other: 0.1%

Overview of removed sequences
length	count	expect	max.err	error counts
3	835739	580944.5	0	835739
4	282977	145236.1	0	282977
5	141499	36309.0	0	141499
6	104249	9077.3	0	104249
7	92773	2269.3	0	92773
8	86931	567.3	0	86931
9	84484	141.8	0	81956 2528
10	82064	35.5	1	77978 4086
11	81724	8.9	1	78555 3169
12	87725	2.2	1	84475 3250
13	86621	0.6	1	84067 2554
14	94284	0.6	1	90824 3460
15	94488	0.6	1	91133 3355
16	85817	0.6	1	82872 2945
17	84398	0.6	1	81158 3240
18	74997	0.6	1	72173 2824
19	155260	0.6	1	149944 5316
20	31731	0.6	1	30200 1531
21	23734	0.6	1	22723 1011
22	56318	0.6	1	54446 1872
23	68630	0.6	1	66336 2294
24	124528	0.6	1	120079 4449
25	38022	0.6	1	36402 1620
26	68037	0.6	1	65971 2066
27	122517	0.6	1	118925 3592
28	35383	0.6	1	34085 1298
29	67037	0.6	1	65197 1840
30	50623	0.6	1	49231 1392
31	23594	0.6	1	22859 735
32	61499	0.6	1	59883 1616
33	30364	0.6	1	29466 898
34	141934	0.6	1	139145 2789
35	9114	0.6	1	8670 444
36	51341	0.6	1	50191 1150
37	22511	0.6	1	21793 718
38	46735	0.6	1	45795 940
39	12053	0.6	1	11577 476
40	50776	0.6	1	49732 1044
41	5460	0.6	1	5155 305
42	13677	0.6	1	13253 424
43	27550	0.6	1	26904 646
44	12734	0.6	1	12284 450
45	44510	0.6	1	43655 855
46	6219	0.6	1	5912 307
47	11754	0.6	1	11396 358
48	21958	0.6	1	21445 513
49	6710	0.6	1	6440 270
50	11539	0.6	1	11234 305
51	8460	0.6	1	8212 248
52	12123	0.6	1	11795 328
53	1251	0.6	1	1103 148
54	8150	0.6	1	7917 233
55	10398	0.6	1	10147 251
56	4797	0.6	1	4612 185
57	10555	0.6	1	10244 311
58	10153	0.6	1	9915 238
59	2994	0.6	1	2845 149
60	2215	0.6	1	2120 95
61	2172	0.6	1	2037 135
62	5175	0.6	1	4996 179
63	916	0.6	1	827 89
64	2946	0.6	1	2801 145
65	1218	0.6	1	1108 110
66	2020	0.6	1	1885 135
67	3039	0.6	1	2920 119
68	1222	0.6	1	1101 121
69	767	0.6	1	664 103
70	2079	0.6	1	1922 157
71	464	0.6	1	382 82
72	1043	0.6	1	915 128
73	1475	0.6	1	1379 96
74	1457	0.6	1	1364 93
75	901	0.6	1	814 87
76	318	0.6	1	259 59
77	454	0.6	1	385 69
78	695	0.6	1	639 56
79	683	0.6	1	608 75
80	675	0.6	1	588 87
81	632	0.6	1	520 112
82	630	0.6	1	536 94
83	587	0.6	1	511 76
84	561	0.6	1	481 80
85	505	0.6	1	444 61
86	505	0.6	1	436 69
87	503	0.6	1	440 63
88	512	0.6	1	452 60
89	497	0.6	1	419 78
90	428	0.6	1	361 67
91	363	0.6	1	302 61
92	356	0.6	1	302 54
93	314	0.6	1	256 58
94	379	0.6	1	268 111
95	281	0.6	1	222 59
96	275	0.6	1	212 63
97	257	0.6	1	213 44
98	257	0.6	1	207 50
99	230	0.6	1	190 40
100	299	0.6	1	214 85
101	237	0.6	1	190 47
102	236	0.6	1	188 48
103	207	0.6	1	156 51
104	182	0.6	1	136 46
105	188	0.6	1	144 44
106	189	0.6	1	135 54
107	234	0.6	1	155 79
108	206	0.6	1	141 65
109	193	0.6	1	137 56
110	189	0.6	1	131 58
111	172	0.6	1	114 58
112	142	0.6	1	100 42
113	172	0.6	1	102 70
114	156	0.6	1	102 54
115	158	0.6	1	100 58
116	138	0.6	1	88 50
117	151	0.6	1	85 66
118	114	0.6	1	82 32
119	122	0.6	1	90 32
120	143	0.6	1	62 81
121	102	0.6	1	74 28
122	115	0.6	1	65 50
123	115	0.6	1	75 40
124	82	0.6	1	50 32
125	80	0.6	1	44 36
126	147	0.6	1	71 76
127	89	0.6	1	48 41
128	92	0.6	1	52 40
129	87	0.6	1	50 37
130	79	0.6	1	41 38
131	146	0.6	1	105 41
132	67	0.6	1	51 16
133	81	0.6	1	41 40
134	260	0.6	1	208 52
135	81	0.6	1	52 29
136	60	0.6	1	30 30
137	100	0.6	1	69 31
138	82	0.6	1	53 29
139	53	0.6	1	38 15
140	57	0.6	1	34 23
141	232	0.6	1	210 22
142	52	0.6	1	44 8
143	54	0.6	1	38 16
144	48	0.6	1	32 16
145	48	0.6	1	31 17
146	31	0.6	1	19 12
147	127	0.6	1	55 72
148	78	0.6	1	36 42
149	66	0.6	1	37 29
150	1626	0.6	1	1419 207

RUN STATISTICS FOR INPUT FILE: raw/6_R2_001.fastq.gz
=============================================
37180446 sequences processed in total

Total number of sequences analysed for the sequence pair length validation: 37180446

Number of sequence pairs removed because at least one read was shorter than the length cutoff (20 bp): 82803 (0.22%)
