
SUMMARISING RUN PARAMETERS
==========================
Input filename: raw/7_R1_001.fastq.gz
Trimming mode: paired-end
Trim Galore version: 0.6.6
Cutadapt version: 4.1
Python version: 3.9.12
Number of cores used for trimming: 8
Quality Phred score cutoff: 20
Quality encoding type selected: ASCII+33
Adapter sequence: 'AGATCGGAAGAGC' (Illumina TruSeq, Sanger iPCR; user defined)
Maximum trimming error rate: 0.1 (default)
Minimum required adapter overlap (stringency): 3 bp
Minimum required sequence length for both reads before a sequence pair gets removed: 20 bp
Output file will be GZIP compressed


This is cutadapt 4.1 with Python 3.9.12
Command line parameters: -j 8 -e 0.1 -q 20 -O 3 -a AGATCGGAAGAGC raw/7_R1_001.fastq.gz
Processing single-end reads on 8 cores ...
Finished in 519.32 s (11 µs/read; 5.41 M reads/minute).

=== Summary ===

Total reads processed:              46,806,440
Reads with adapters:                 4,531,514 (9.7%)
Reads written (passing filters):    46,806,440 (100.0%)

Total basepairs processed: 7,020,966,000 bp
Quality-trimmed:              11,776,347 bp (0.2%)
Total written (filtered):  6,924,266,544 bp (98.6%)

=== Adapter 1 ===

Sequence: AGATCGGAAGAGC; Type: regular 3'; Length: 13; Trimmed: 4531514 times

Minimum overlap: 3
No. of allowed errors:
1-9 bp: 0; 10-13 bp: 1

Bases preceding removed adapters:
  A: 22.7%
  C: 27.7%
  G: 29.6%
  T: 18.3%
  none/other: 1.8%

Overview of removed sequences
length	count	expect	max.err	error counts
3	1081917	731350.6	0	1081917
4	347404	182837.7	0	347404
5	169823	45709.4	0	169823
6	123033	11427.4	0	123033
7	109631	2856.8	0	109631
8	99609	714.2	0	99609
9	95361	178.6	0	93823 1538
10	92543	44.6	1	88428 4115
11	93404	11.2	1	89277 4127
12	96501	2.8	1	92555 3946
13	101625	0.7	1	96972 4653
14	104655	0.7	1	99943 4712
15	103258	0.7	1	98454 4804
16	97902	0.7	1	93635 4267
17	91972	0.7	1	87833 4139
18	79771	0.7	1	76538 3233
19	73820	0.7	1	70623 3197
20	69453	0.7	1	65893 3560
21	69684	0.7	1	66277 3407
22	70751	0.7	1	67513 3238
23	72968	0.7	1	69766 3202
24	74921	0.7	1	71646 3275
25	76306	0.7	1	72789 3517
26	70737	0.7	1	67733 3004
27	64735	0.7	1	61769 2966
28	58906	0.7	1	56009 2897
29	50872	0.7	1	48646 2226
30	45429	0.7	1	43423 2006
31	44019	0.7	1	41995 2024
32	45104	0.7	1	42911 2193
33	43967	0.7	1	41982 1985
34	48481	0.7	1	45995 2486
35	47439	0.7	1	45305 2134
36	46594	0.7	1	44596 1998
37	39237	0.7	1	37586 1651
38	35820	0.7	1	34317 1503
39	30847	0.7	1	29442 1405
40	26280	0.7	1	25195 1085
41	24482	0.7	1	23438 1044
42	24192	0.7	1	23097 1095
43	25107	0.7	1	23720 1387
44	38460	0.7	1	37170 1290
45	19089	0.7	1	18391 698
46	15046	0.7	1	14392 654
47	19710	0.7	1	18903 807
48	17938	0.7	1	17247 691
49	15146	0.7	1	14468 678
50	12599	0.7	1	12003 596
51	11169	0.7	1	10600 569
52	10842	0.7	1	10277 565
53	10814	0.7	1	10309 505
54	10142	0.7	1	9656 486
55	10713	0.7	1	10226 487
56	11592	0.7	1	11127 465
57	11253	0.7	1	10743 510
58	10027	0.7	1	9660 367
59	6349	0.7	1	6127 222
60	4211	0.7	1	4024 187
61	2603	0.7	1	2438 165
62	3140	0.7	1	2975 165
63	2936	0.7	1	2780 156
64	2515	0.7	1	2379 136
65	1653	0.7	1	1512 141
66	1654	0.7	1	1535 119
67	2003	0.7	1	1884 119
68	2073	0.7	1	1927 146
69	1891	0.7	1	1740 151
70	1519	0.7	1	1385 134
71	1304	0.7	1	1173 131
72	1141	0.7	1	993 148
73	1137	0.7	1	1009 128
74	1051	0.7	1	944 107
75	1086	0.7	1	994 92
76	1333	0.7	1	1176 157
77	1146	0.7	1	1052 94
78	994	0.7	1	904 90
79	892	0.7	1	797 95
80	762	0.7	1	661 101
81	614	0.7	1	536 78
82	603	0.7	1	491 112
83	520	0.7	1	423 97
84	529	0.7	1	437 92
85	514	0.7	1	438 76
86	470	0.7	1	424 46
87	491	0.7	1	419 72
88	428	0.7	1	378 50
89	460	0.7	1	369 91
90	445	0.7	1	341 104
91	341	0.7	1	271 70
92	339	0.7	1	259 80
93	288	0.7	1	232 56
94	307	0.7	1	185 122
95	258	0.7	1	181 77
96	242	0.7	1	181 61
97	242	0.7	1	181 61
98	250	0.7	1	188 62
99	251	0.7	1	218 33
100	230	0.7	1	168 62
101	243	0.7	1	172 71
102	180	0.7	1	141 39
103	176	0.7	1	122 54
104	170	0.7	1	120 50
105	159	0.7	1	114 45
106	163	0.7	1	104 59
107	154	0.7	1	105 49
108	190	0.7	1	116 74
109	163	0.7	1	106 57
110	188	0.7	1	125 63
111	176	0.7	1	90 86
112	124	0.7	1	81 43
113	153	0.7	1	91 62
114	133	0.7	1	93 40
115	122	0.7	1	71 51
116	127	0.7	1	80 47
117	162	0.7	1	77 85
118	121	0.7	1	70 51
119	132	0.7	1	72 60
120	119	0.7	1	59 60
121	145	0.7	1	61 84
122	131	0.7	1	60 71
123	113	0.7	1	52 61
124	133	0.7	1	45 88
125	76	0.7	1	51 25
126	168	0.7	1	49 119
127	94	0.7	1	48 46
128	94	0.7	1	42 52
129	76	0.7	1	44 32
130	73	0.7	1	32 41
131	102	0.7	1	71 31
132	75	0.7	1	46 29
133	86	0.7	1	36 50
134	245	0.7	1	169 76
135	94	0.7	1	37 57
136	87	0.7	1	27 60
137	110	0.7	1	55 55
138	129	0.7	1	77 52
139	78	0.7	1	42 36
140	151	0.7	1	39 112
141	238	0.7	1	180 58
142	107	0.7	1	48 59
143	81	0.7	1	39 42
144	51	0.7	1	31 20
145	69	0.7	1	20 49
146	66	0.7	1	35 31
147	242	0.7	1	35 207
148	117	0.7	1	29 88
149	1298	0.7	1	34 1264
150	79515	0.7	1	2047 77468

RUN STATISTICS FOR INPUT FILE: raw/7_R1_001.fastq.gz
=============================================
46806440 sequences processed in total

