
SUMMARISING RUN PARAMETERS
==========================
Input filename: raw/7_R2_001.fastq.gz
Trimming mode: paired-end
Trim Galore version: 0.6.6
Cutadapt version: 4.1
Python version: 3.9.12
Number of cores used for trimming: 8
Quality Phred score cutoff: 20
Quality encoding type selected: ASCII+33
Adapter sequence: 'AGATCGGAAGAGC' (Illumina TruSeq, Sanger iPCR; user defined)
Maximum trimming error rate: 0.1 (default)
Minimum required adapter overlap (stringency): 3 bp
Minimum required sequence length for both reads before a sequence pair gets removed: 20 bp
Output file will be GZIP compressed


This is cutadapt 4.1 with Python 3.9.12
Command line parameters: -j 8 -e 0.1 -q 20 -O 3 -a AGATCGGAAGAGC raw/7_R2_001.fastq.gz
Processing single-end reads on 8 cores ...
Finished in 522.62 s (11 µs/read; 5.37 M reads/minute).

=== Summary ===

Total reads processed:              46,806,440
Reads with adapters:                 4,431,321 (9.5%)
Reads written (passing filters):    46,806,440 (100.0%)

Total basepairs processed: 7,020,966,000 bp
Quality-trimmed:              23,540,686 bp (0.3%)
Total written (filtered):  6,926,767,513 bp (98.7%)

=== Adapter 1 ===

Sequence: AGATCGGAAGAGC; Type: regular 3'; Length: 13; Trimmed: 4431321 times

Minimum overlap: 3
No. of allowed errors:
1-9 bp: 0; 10-13 bp: 1

Bases preceding removed adapters:
  A: 22.9%
  C: 28.3%
  G: 30.1%
  T: 18.7%
  none/other: 0.1%

Overview of removed sequences
length	count	expect	max.err	error counts
3	1058652	731350.6	0	1058652
4	344846	182837.7	0	344846
5	169659	45709.4	0	169659
6	123622	11427.4	0	123622
7	110407	2856.8	0	110407
8	100796	714.2	0	100796
9	95539	178.6	0	94462 1077
10	94156	44.6	1	90412 3744
11	93745	11.2	1	90091 3654
12	103495	2.8	1	99687 3808
13	96334	0.7	1	93510 2824
14	106328	0.7	1	101863 4465
15	106205	0.7	1	101908 4297
16	94692	0.7	1	91323 3369
17	92504	0.7	1	88330 4174
18	81954	0.7	1	78510 3444
19	165132	0.7	1	158785 6347
20	35673	0.7	1	33556 2117
21	25744	0.7	1	24454 1290
22	61910	0.7	1	59357 2553
23	73292	0.7	1	70487 2805
24	129244	0.7	1	123939 5305
25	40015	0.7	1	38041 1974
26	70210	0.7	1	67693 2517
27	122801	0.7	1	118597 4204
28	36387	0.7	1	34766 1621
29	69538	0.7	1	67393 2145
30	53179	0.7	1	51531 1648
31	15609	0.7	1	14918 691
32	61677	0.7	1	59717 1960
33	81428	0.7	1	79411 2017
34	20663	0.7	1	19835 828
35	72641	0.7	1	70739 1902
36	25616	0.7	1	24766 850
37	20577	0.7	1	19879 698
38	65524	0.7	1	63992 1532
39	13335	0.7	1	12905 430
40	21356	0.7	1	20684 672
41	34818	0.7	1	33941 877
42	5763	0.7	1	5431 332
43	27555	0.7	1	26803 752
44	9759	0.7	1	9366 393
45	41584	0.7	1	40476 1108
46	4761	0.7	1	4470 291
47	12662	0.7	1	12181 481
48	17480	0.7	1	16934 546
49	6566	0.7	1	6265 301
50	9344	0.7	1	8992 352
51	8471	0.7	1	8141 330
52	10339	0.7	1	10024 315
53	1397	0.7	1	1220 177
54	7920	0.7	1	7659 261
55	9163	0.7	1	8808 355
56	4714	0.7	1	4504 210
57	9983	0.7	1	9638 345
58	7100	0.7	1	6810 290
59	1971	0.7	1	1833 138
60	2076	0.7	1	1954 122
61	1680	0.7	1	1555 125
62	4305	0.7	1	4129 176
63	827	0.7	1	715 112
64	2653	0.7	1	2491 162
65	1200	0.7	1	1036 164
66	1824	0.7	1	1695 129
67	2692	0.7	1	2535 157
68	1185	0.7	1	1061 124
69	720	0.7	1	608 112
70	1859	0.7	1	1731 128
71	477	0.7	1	366 111
72	940	0.7	1	791 149
73	1409	0.7	1	1275 134
74	1301	0.7	1	1195 106
75	827	0.7	1	738 89
76	368	0.7	1	249 119
77	419	0.7	1	359 60
78	572	0.7	1	497 75
79	698	0.7	1	604 94
80	642	0.7	1	574 68
81	558	0.7	1	472 86
82	587	0.7	1	457 130
83	508	0.7	1	391 117
84	514	0.7	1	430 84
85	516	0.7	1	442 74
86	489	0.7	1	427 62
87	501	0.7	1	423 78
88	452	0.7	1	394 58
89	434	0.7	1	349 85
90	457	0.7	1	359 98
91	373	0.7	1	301 72
92	332	0.7	1	270 62
93	292	0.7	1	224 68
94	328	0.7	1	201 127
95	286	0.7	1	199 87
96	251	0.7	1	207 44
97	264	0.7	1	208 56
98	249	0.7	1	189 60
99	256	0.7	1	222 34
100	290	0.7	1	203 87
101	246	0.7	1	183 63
102	181	0.7	1	150 31
103	228	0.7	1	145 83
104	197	0.7	1	141 56
105	170	0.7	1	129 41
106	173	0.7	1	113 60
107	182	0.7	1	126 56
108	208	0.7	1	132 76
109	186	0.7	1	127 59
110	209	0.7	1	148 61
111	188	0.7	1	109 79
112	133	0.7	1	102 31
113	189	0.7	1	105 84
114	146	0.7	1	108 38
115	127	0.7	1	78 49
116	168	0.7	1	98 70
117	166	0.7	1	88 78
118	137	0.7	1	88 49
119	131	0.7	1	79 52
120	135	0.7	1	78 57
121	138	0.7	1	64 74
122	117	0.7	1	67 50
123	133	0.7	1	62 71
124	103	0.7	1	55 48
125	87	0.7	1	50 37
126	158	0.7	1	54 104
127	94	0.7	1	55 39
128	94	0.7	1	45 49
129	82	0.7	1	47 35
130	67	0.7	1	30 37
131	101	0.7	1	75 26
132	76	0.7	1	46 30
133	82	0.7	1	36 46
134	241	0.7	1	176 65
135	94	0.7	1	38 56
136	90	0.7	1	29 61
137	77	0.7	1	50 27
138	116	0.7	1	83 33
139	83	0.7	1	38 45
140	130	0.7	1	45 85
141	220	0.7	1	178 42
142	102	0.7	1	48 54
143	89	0.7	1	37 52
144	58	0.7	1	31 27
145	55	0.7	1	19 36
146	60	0.7	1	34 26
147	181	0.7	1	33 148
148	54	0.7	1	29 25
149	84	0.7	1	44 40
150	2309	0.7	1	2028 281

RUN STATISTICS FOR INPUT FILE: raw/7_R2_001.fastq.gz
=============================================
46806440 sequences processed in total

Total number of sequences analysed for the sequence pair length validation: 46806440

Number of sequence pairs removed because at least one read was shorter than the length cutoff (20 bp): 94956 (0.20%)
