
SUMMARISING RUN PARAMETERS
==========================
Input filename: raw/8_R1_001.fastq.gz
Trimming mode: paired-end
Trim Galore version: 0.6.6
Cutadapt version: 4.1
Python version: 3.9.12
Number of cores used for trimming: 8
Quality Phred score cutoff: 20
Quality encoding type selected: ASCII+33
Adapter sequence: 'AGATCGGAAGAGC' (Illumina TruSeq, Sanger iPCR; user defined)
Maximum trimming error rate: 0.1 (default)
Minimum required adapter overlap (stringency): 3 bp
Minimum required sequence length for both reads before a sequence pair gets removed: 20 bp
Output file will be GZIP compressed


This is cutadapt 4.1 with Python 3.9.12
Command line parameters: -j 8 -e 0.1 -q 20 -O 3 -a AGATCGGAAGAGC raw/8_R1_001.fastq.gz
Processing single-end reads on 8 cores ...
Finished in 541.45 s (11 µs/read; 5.39 M reads/minute).

=== Summary ===

Total reads processed:              48,676,274
Reads with adapters:                 4,668,998 (9.6%)
Reads written (passing filters):    48,676,274 (100.0%)

Total basepairs processed: 7,301,441,100 bp
Quality-trimmed:              16,790,538 bp (0.2%)
Total written (filtered):  7,198,450,118 bp (98.6%)

=== Adapter 1 ===

Sequence: AGATCGGAAGAGC; Type: regular 3'; Length: 13; Trimmed: 4668998 times

Minimum overlap: 3
No. of allowed errors:
1-9 bp: 0; 10-13 bp: 1

Bases preceding removed adapters:
  A: 23.5%
  C: 27.5%
  G: 29.2%
  T: 18.0%
  none/other: 1.8%

Overview of removed sequences
length	count	expect	max.err	error counts
3	1143302	760566.8	0	1143302
4	368033	190141.7	0	368033
5	176720	47535.4	0	176720
6	126913	11883.9	0	126913
7	112181	2971.0	0	112181
8	103892	742.7	0	103892
9	101734	185.7	0	97729 4005
10	94129	46.4	1	90221 3908
11	96247	11.6	1	92212 4035
12	98071	2.9	1	94623 3448
13	102688	0.7	1	99316 3372
14	106455	0.7	1	102847 3608
15	105731	0.7	1	102150 3581
16	100454	0.7	1	97175 3279
17	93043	0.7	1	89953 3090
18	82034	0.7	1	79849 2185
19	75709	0.7	1	73442 2267
20	69942	0.7	1	67598 2344
21	69739	0.7	1	67373 2366
22	70415	0.7	1	68452 1963
23	73245	0.7	1	70993 2252
24	76117	0.7	1	73646 2471
25	76885	0.7	1	74446 2439
26	72298	0.7	1	70180 2118
27	66852	0.7	1	64583 2269
28	60669	0.7	1	58379 2290
29	52883	0.7	1	51143 1740
30	45695	0.7	1	44366 1329
31	44287	0.7	1	42745 1542
32	45160	0.7	1	43441 1719
33	44663	0.7	1	43238 1425
34	47621	0.7	1	45903 1718
35	47815	0.7	1	46152 1663
36	47057	0.7	1	45618 1439
37	40592	0.7	1	39445 1147
38	38669	0.7	1	37458 1211
39	31353	0.7	1	30478 875
40	24847	0.7	1	24030 817
41	24273	0.7	1	23466 807
42	23398	0.7	1	22705 693
43	24082	0.7	1	23240 842
44	36919	0.7	1	35909 1010
45	18054	0.7	1	17580 474
46	17215	0.7	1	16729 486
47	20192	0.7	1	19680 512
48	17829	0.7	1	17307 522
49	14933	0.7	1	14437 496
50	12613	0.7	1	12197 416
51	10879	0.7	1	10507 372
52	10066	0.7	1	9689 377
53	10209	0.7	1	9846 363
54	9984	0.7	1	9646 338
55	10304	0.7	1	9962 342
56	10846	0.7	1	10549 297
57	10467	0.7	1	10104 363
58	9116	0.7	1	8849 267
59	6652	0.7	1	6475 177
60	4715	0.7	1	4541 174
61	3052	0.7	1	2934 118
62	3221	0.7	1	3092 129
63	3204	0.7	1	3092 112
64	2816	0.7	1	2682 134
65	1930	0.7	1	1845 85
66	1826	0.7	1	1726 100
67	2068	0.7	1	1993 75
68	2161	0.7	1	2060 101
69	1865	0.7	1	1776 89
70	1607	0.7	1	1507 100
71	1371	0.7	1	1277 94
72	1103	0.7	1	1020 83
73	1114	0.7	1	1033 81
74	1108	0.7	1	1034 74
75	1152	0.7	1	1075 77
76	1181	0.7	1	1093 88
77	1125	0.7	1	1039 86
78	1007	0.7	1	922 85
79	894	0.7	1	826 68
80	743	0.7	1	674 69
81	653	0.7	1	575 78
82	620	0.7	1	542 78
83	551	0.7	1	474 77
84	535	0.7	1	459 76
85	534	0.7	1	459 75
86	534	0.7	1	469 65
87	455	0.7	1	405 50
88	517	0.7	1	446 71
89	468	0.7	1	407 61
90	441	0.7	1	380 61
91	366	0.7	1	316 50
92	338	0.7	1	272 66
93	303	0.7	1	252 51
94	328	0.7	1	253 75
95	329	0.7	1	240 89
96	259	0.7	1	193 66
97	280	0.7	1	235 45
98	314	0.7	1	234 80
99	258	0.7	1	200 58
100	283	0.7	1	211 72
101	246	0.7	1	196 50
102	244	0.7	1	191 53
103	237	0.7	1	179 58
104	232	0.7	1	168 64
105	167	0.7	1	128 39
106	179	0.7	1	131 48
107	176	0.7	1	121 55
108	206	0.7	1	155 51
109	204	0.7	1	147 57
110	181	0.7	1	124 57
111	196	0.7	1	125 71
112	124	0.7	1	95 29
113	176	0.7	1	129 47
114	160	0.7	1	116 44
115	152	0.7	1	113 39
116	127	0.7	1	89 38
117	162	0.7	1	111 51
118	170	0.7	1	136 34
119	152	0.7	1	109 43
120	118	0.7	1	63 55
121	146	0.7	1	120 26
122	99	0.7	1	66 33
123	87	0.7	1	54 33
124	80	0.7	1	51 29
125	85	0.7	1	60 25
126	136	0.7	1	62 74
127	108	0.7	1	54 54
128	92	0.7	1	62 30
129	75	0.7	1	57 18
130	82	0.7	1	60 22
131	73	0.7	1	55 18
132	72	0.7	1	61 11
133	74	0.7	1	42 32
134	219	0.7	1	180 39
135	74	0.7	1	46 28
136	70	0.7	1	29 41
137	78	0.7	1	52 26
138	110	0.7	1	78 32
139	48	0.7	1	31 17
140	41	0.7	1	27 14
141	223	0.7	1	197 26
142	63	0.7	1	44 19
143	53	0.7	1	37 16
144	46	0.7	1	34 12
145	69	0.7	1	35 34
146	59	0.7	1	32 27
147	117	0.7	1	38 79
148	110	0.7	1	44 66
149	1562	0.7	1	25 1537
150	81438	0.7	1	1480 79958

RUN STATISTICS FOR INPUT FILE: raw/8_R1_001.fastq.gz
=============================================
48676274 sequences processed in total

