
SUMMARISING RUN PARAMETERS
==========================
Input filename: raw/8_R2_001.fastq.gz
Trimming mode: paired-end
Trim Galore version: 0.6.6
Cutadapt version: 4.1
Python version: 3.9.12
Number of cores used for trimming: 8
Quality Phred score cutoff: 20
Quality encoding type selected: ASCII+33
Adapter sequence: 'AGATCGGAAGAGC' (Illumina TruSeq, Sanger iPCR; user defined)
Maximum trimming error rate: 0.1 (default)
Minimum required adapter overlap (stringency): 3 bp
Minimum required sequence length for both reads before a sequence pair gets removed: 20 bp
Output file will be GZIP compressed


This is cutadapt 4.1 with Python 3.9.12
Command line parameters: -j 8 -e 0.1 -q 20 -O 3 -a AGATCGGAAGAGC raw/8_R2_001.fastq.gz
Processing single-end reads on 8 cores ...
Finished in 547.76 s (11 µs/read; 5.33 M reads/minute).

=== Summary ===

Total reads processed:              48,676,274
Reads with adapters:                 4,560,996 (9.4%)
Reads written (passing filters):    48,676,274 (100.0%)

Total basepairs processed: 7,301,441,100 bp
Quality-trimmed:              28,291,432 bp (0.4%)
Total written (filtered):  7,201,666,976 bp (98.6%)

=== Adapter 1 ===

Sequence: AGATCGGAAGAGC; Type: regular 3'; Length: 13; Trimmed: 4560996 times

Minimum overlap: 3
No. of allowed errors:
1-9 bp: 0; 10-13 bp: 1

Bases preceding removed adapters:
  A: 23.6%
  C: 28.1%
  G: 29.6%
  T: 18.6%
  none/other: 0.1%

Overview of removed sequences
length	count	expect	max.err	error counts
3	1117956	760566.8	0	1117956
4	363840	190141.7	0	363840
5	175258	47535.4	0	175258
6	127634	11883.9	0	127634
7	112208	2971.0	0	112208
8	104522	742.7	0	104522
9	101595	185.7	0	97690 3905
10	95955	46.4	1	91395 4560
11	96867	11.6	1	92473 4394
12	104244	2.9	1	99831 4413
13	98305	0.7	1	95373 2932
14	107896	0.7	1	103566 4330
15	108531	0.7	1	104222 4309
16	96777	0.7	1	93208 3569
17	94482	0.7	1	90368 4114
18	84735	0.7	1	81382 3353
19	167297	0.7	1	160742 6555
20	38399	0.7	1	36521 1878
21	25028	0.7	1	23938 1090
22	62334	0.7	1	60086 2248
23	73479	0.7	1	70765 2714
24	138382	0.7	1	132827 5555
25	41191	0.7	1	39306 1885
26	71275	0.7	1	68919 2356
27	126357	0.7	1	122152 4205
28	41542	0.7	1	40048 1494
29	61337	0.7	1	59460 1877
30	59013	0.7	1	57404 1609
31	13610	0.7	1	12942 668
32	75237	0.7	1	73158 2079
33	81999	0.7	1	80262 1737
34	44192	0.7	1	43037 1155
35	33959	0.7	1	33023 936
36	26182	0.7	1	25459 723
37	35925	0.7	1	34958 967
38	6393	0.7	1	6062 331
39	15868	0.7	1	15338 530
40	23798	0.7	1	23076 722
41	23580	0.7	1	22783 797
42	44643	0.7	1	43475 1168
43	20195	0.7	1	19616 579
44	17065	0.7	1	16489 576
45	43650	0.7	1	42738 912
46	5319	0.7	1	5050 269
47	13360	0.7	1	12912 448
48	19259	0.7	1	18741 518
49	5893	0.7	1	5643 250
50	9653	0.7	1	9308 345
51	7848	0.7	1	7609 239
52	10416	0.7	1	10074 342
53	1358	0.7	1	1208 150
54	7495	0.7	1	7268 227
55	8978	0.7	1	8691 287
56	4575	0.7	1	4400 175
57	9952	0.7	1	9624 328
58	7753	0.7	1	7484 269
59	2174	0.7	1	2023 151
60	2021	0.7	1	1889 132
61	1645	0.7	1	1528 117
62	4096	0.7	1	3921 175
63	918	0.7	1	829 89
64	2451	0.7	1	2286 165
65	1020	0.7	1	925 95
66	1592	0.7	1	1479 113
67	2552	0.7	1	2422 130
68	1073	0.7	1	966 107
69	661	0.7	1	569 92
70	1828	0.7	1	1701 127
71	514	0.7	1	436 78
72	894	0.7	1	796 98
73	1318	0.7	1	1209 109
74	1351	0.7	1	1259 92
75	893	0.7	1	811 82
76	331	0.7	1	259 72
77	433	0.7	1	360 73
78	598	0.7	1	522 76
79	709	0.7	1	642 67
80	640	0.7	1	558 82
81	584	0.7	1	516 68
82	587	0.7	1	522 65
83	521	0.7	1	437 84
84	523	0.7	1	448 75
85	562	0.7	1	466 96
86	557	0.7	1	478 79
87	473	0.7	1	406 67
88	485	0.7	1	431 54
89	485	0.7	1	419 66
90	469	0.7	1	392 77
91	405	0.7	1	342 63
92	373	0.7	1	285 88
93	326	0.7	1	267 59
94	338	0.7	1	264 74
95	372	0.7	1	275 97
96	271	0.7	1	205 66
97	306	0.7	1	254 52
98	317	0.7	1	255 62
99	265	0.7	1	218 47
100	317	0.7	1	231 86
101	266	0.7	1	216 50
102	270	0.7	1	224 46
103	278	0.7	1	198 80
104	241	0.7	1	179 62
105	193	0.7	1	148 45
106	193	0.7	1	155 38
107	172	0.7	1	127 45
108	227	0.7	1	172 55
109	225	0.7	1	175 50
110	196	0.7	1	144 52
111	193	0.7	1	142 51
112	136	0.7	1	113 23
113	195	0.7	1	141 54
114	172	0.7	1	130 42
115	167	0.7	1	135 32
116	138	0.7	1	101 37
117	156	0.7	1	100 56
118	156	0.7	1	115 41
119	154	0.7	1	89 65
120	119	0.7	1	80 39
121	164	0.7	1	108 56
122	93	0.7	1	69 24
123	88	0.7	1	62 26
124	90	0.7	1	62 28
125	93	0.7	1	63 30
126	122	0.7	1	71 51
127	88	0.7	1	55 33
128	93	0.7	1	62 31
129	80	0.7	1	59 21
130	85	0.7	1	59 26
131	74	0.7	1	54 20
132	79	0.7	1	64 15
133	71	0.7	1	42 29
134	203	0.7	1	179 24
135	74	0.7	1	50 24
136	57	0.7	1	30 27
137	76	0.7	1	54 22
138	105	0.7	1	84 21
139	45	0.7	1	29 16
140	48	0.7	1	27 21
141	215	0.7	1	199 16
142	54	0.7	1	44 10
143	48	0.7	1	35 13
144	46	0.7	1	34 12
145	50	0.7	1	33 17
146	42	0.7	1	31 11
147	101	0.7	1	38 63
148	66	0.7	1	38 28
149	84	0.7	1	33 51
150	1773	0.7	1	1455 318

RUN STATISTICS FOR INPUT FILE: raw/8_R2_001.fastq.gz
=============================================
48676274 sequences processed in total

Total number of sequences analysed for the sequence pair length validation: 48676274

Number of sequence pairs removed because at least one read was shorter than the length cutoff (20 bp): 94857 (0.19%)
