
SUMMARISING RUN PARAMETERS
==========================
Input filename: raw/9_R1_001.fastq.gz
Trimming mode: paired-end
Trim Galore version: 0.6.6
Cutadapt version: 4.1
Python version: 3.9.12
Number of cores used for trimming: 8
Quality Phred score cutoff: 20
Quality encoding type selected: ASCII+33
Adapter sequence: 'AGATCGGAAGAGC' (Illumina TruSeq, Sanger iPCR; user defined)
Maximum trimming error rate: 0.1 (default)
Minimum required adapter overlap (stringency): 3 bp
Minimum required sequence length for both reads before a sequence pair gets removed: 20 bp
Output file will be GZIP compressed


This is cutadapt 4.1 with Python 3.9.12
Command line parameters: -j 8 -e 0.1 -q 20 -O 3 -a AGATCGGAAGAGC raw/9_R1_001.fastq.gz
Processing single-end reads on 8 cores ...
Finished in 451.56 s (11 µs/read; 5.41 M reads/minute).

=== Summary ===

Total reads processed:              40,725,357
Reads with adapters:                 4,616,258 (11.3%)
Reads written (passing filters):    40,725,357 (100.0%)

Total basepairs processed: 6,108,803,550 bp
Quality-trimmed:              16,536,345 bp (0.3%)
Total written (filtered):  5,990,733,181 bp (98.1%)

=== Adapter 1 ===

Sequence: AGATCGGAAGAGC; Type: regular 3'; Length: 13; Trimmed: 4616258 times

Minimum overlap: 3
No. of allowed errors:
1-9 bp: 0; 10-13 bp: 1

Bases preceding removed adapters:
  A: 23.2%
  C: 28.8%
  G: 27.8%
  T: 16.9%
  none/other: 3.2%

Overview of removed sequences
length	count	expect	max.err	error counts
3	976069	636333.7	0	976069
4	322166	159083.4	0	322166
5	154492	39770.9	0	154492
6	114986	9942.7	0	114986
7	102424	2485.7	0	102424
8	95212	621.4	0	95212
9	96412	155.4	0	91531 4881
10	89592	38.8	1	84680 4912
11	91919	9.7	1	86930 4989
12	91755	2.4	1	87062 4693
13	96583	0.6	1	91695 4888
14	100938	0.6	1	95705 5233
15	99132	0.6	1	93962 5170
16	97622	0.6	1	92616 5006
17	90591	0.6	1	86101 4490
18	80894	0.6	1	77440 3454
19	75815	0.6	1	72143 3672
20	72951	0.6	1	69228 3723
21	72218	0.6	1	68519 3699
22	71957	0.6	1	68725 3232
23	74389	0.6	1	70773 3616
24	77363	0.6	1	73518 3845
25	78269	0.6	1	74412 3857
26	74187	0.6	1	70740 3447
27	70483	0.6	1	66833 3650
28	65799	0.6	1	62142 3657
29	57808	0.6	1	54991 2817
30	51499	0.6	1	49060 2439
31	51035	0.6	1	48276 2759
32	56334	0.6	1	52301 4033
33	93847	0.6	1	90772 3075
34	7385	0.6	1	5967 1418
35	53708	0.6	1	51015 2693
36	52965	0.6	1	50303 2662
37	50610	0.6	1	48194 2416
38	41648	0.6	1	39755 1893
39	36664	0.6	1	35051 1613
40	34852	0.6	1	33182 1670
41	30297	0.6	1	28789 1508
42	30629	0.6	1	29094 1535
43	30967	0.6	1	28997 1970
44	52104	0.6	1	50101 2003
45	25922	0.6	1	24692 1230
46	31355	0.6	1	30450 905
47	9961	0.6	1	8685 1276
48	48464	0.6	1	47166 1298
49	14392	0.6	1	13410 982
50	24609	0.6	1	23764 845
51	14278	0.6	1	13068 1210
52	46013	0.6	1	44827 1186
53	24163	0.6	1	23677 486
54	3601	0.6	1	3297 304
55	9446	0.6	1	9102 344
56	7378	0.6	1	7176 202
57	2319	0.6	1	2170 149
58	1300	0.6	1	1185 115
59	2171	0.6	1	2054 117
60	710	0.6	1	613 97
61	1381	0.6	1	1277 104
62	453	0.6	1	375 78
63	381	0.6	1	315 66
64	1031	0.6	1	895 136
65	2480	0.6	1	2363 117
66	706	0.6	1	609 97
67	873	0.6	1	798 75
68	795	0.6	1	723 72
69	714	0.6	1	622 92
70	684	0.6	1	594 90
71	807	0.6	1	718 89
72	918	0.6	1	846 72
73	1108	0.6	1	1029 79
74	1240	0.6	1	1141 99
75	1279	0.6	1	1187 92
76	1553	0.6	1	1462 91
77	1387	0.6	1	1295 92
78	1262	0.6	1	1184 78
79	1048	0.6	1	984 64
80	856	0.6	1	797 59
81	834	0.6	1	755 79
82	658	0.6	1	605 53
83	630	0.6	1	551 79
84	555	0.6	1	500 55
85	548	0.6	1	491 57
86	526	0.6	1	483 43
87	599	0.6	1	541 58
88	559	0.6	1	497 62
89	465	0.6	1	389 76
90	439	0.6	1	379 60
91	374	0.6	1	344 30
92	349	0.6	1	291 58
93	303	0.6	1	261 42
94	336	0.6	1	239 97
95	277	0.6	1	213 64
96	258	0.6	1	214 44
97	271	0.6	1	232 39
98	275	0.6	1	222 53
99	245	0.6	1	207 38
100	223	0.6	1	176 47
101	229	0.6	1	183 46
102	187	0.6	1	152 35
103	209	0.6	1	148 61
104	163	0.6	1	137 26
105	180	0.6	1	144 36
106	153	0.6	1	132 21
107	176	0.6	1	138 38
108	174	0.6	1	132 42
109	189	0.6	1	138 51
110	144	0.6	1	104 40
111	146	0.6	1	112 34
112	133	0.6	1	100 33
113	160	0.6	1	102 58
114	158	0.6	1	103 55
115	104	0.6	1	81 23
116	155	0.6	1	125 30
117	129	0.6	1	90 39
118	118	0.6	1	98 20
119	113	0.6	1	74 39
120	125	0.6	1	72 53
121	106	0.6	1	74 32
122	81	0.6	1	61 20
123	91	0.6	1	66 25
124	111	0.6	1	63 48
125	91	0.6	1	54 37
126	109	0.6	1	61 48
127	74	0.6	1	43 31
128	69	0.6	1	39 30
129	61	0.6	1	44 17
130	70	0.6	1	41 29
131	60	0.6	1	31 29
132	73	0.6	1	51 22
133	67	0.6	1	37 30
134	445	0.6	1	402 43
135	112	0.6	1	74 38
136	72	0.6	1	32 40
137	116	0.6	1	80 36
138	87	0.6	1	63 24
139	48	0.6	1	36 12
140	49	0.6	1	30 19
141	458	0.6	1	415 43
142	109	0.6	1	69 40
143	95	0.6	1	52 43
144	70	0.6	1	33 37
145	71	0.6	1	27 44
146	81	0.6	1	29 52
147	175	0.6	1	34 141
148	172	0.6	1	34 138
149	2812	0.6	1	63 2749
150	144746	0.6	1	3229 141517

RUN STATISTICS FOR INPUT FILE: raw/9_R1_001.fastq.gz
=============================================
40725357 sequences processed in total

