
SUMMARISING RUN PARAMETERS
==========================
Input filename: raw/9_R2_001.fastq.gz
Trimming mode: paired-end
Trim Galore version: 0.6.6
Cutadapt version: 4.1
Python version: 3.9.12
Number of cores used for trimming: 8
Quality Phred score cutoff: 20
Quality encoding type selected: ASCII+33
Adapter sequence: 'AGATCGGAAGAGC' (Illumina TruSeq, Sanger iPCR; user defined)
Maximum trimming error rate: 0.1 (default)
Minimum required adapter overlap (stringency): 3 bp
Minimum required sequence length for both reads before a sequence pair gets removed: 20 bp
Output file will be GZIP compressed


This is cutadapt 4.1 with Python 3.9.12
Command line parameters: -j 8 -e 0.1 -q 20 -O 3 -a AGATCGGAAGAGC raw/9_R2_001.fastq.gz
Processing single-end reads on 8 cores ...
Finished in 453.99 s (11 µs/read; 5.38 M reads/minute).

=== Summary ===

Total reads processed:              40,725,357
Reads with adapters:                 4,441,048 (10.9%)
Reads written (passing filters):    40,725,357 (100.0%)

Total basepairs processed: 6,108,803,550 bp
Quality-trimmed:              29,840,197 bp (0.5%)
Total written (filtered):  6,001,717,280 bp (98.2%)

=== Adapter 1 ===

Sequence: AGATCGGAAGAGC; Type: regular 3'; Length: 13; Trimmed: 4441048 times

Minimum overlap: 3
No. of allowed errors:
1-9 bp: 0; 10-13 bp: 1

Bases preceding removed adapters:
  A: 23.6%
  C: 29.9%
  G: 28.7%
  T: 17.6%
  none/other: 0.1%

Overview of removed sequences
length	count	expect	max.err	error counts
3	947488	636333.7	0	947488
4	318737	159083.4	0	318737
5	153693	39770.9	0	153693
6	115501	9942.7	0	115501
7	103349	2485.7	0	103349
8	96432	621.4	0	96432
9	96175	155.4	0	91930 4245
10	91793	38.8	1	87436 4357
11	91922	9.7	1	87722 4200
12	99090	2.4	1	94693 4397
13	90979	0.6	1	88230 2749
14	102392	0.6	1	97870 4522
15	102373	0.6	1	98130 4243
16	92911	0.6	1	89161 3750
17	92818	0.6	1	88415 4403
18	83350	0.6	1	79920 3430
19	174799	0.6	1	167472 7327
20	36461	0.6	1	34485 1976
21	25431	0.6	1	24314 1117
22	63771	0.6	1	61311 2460
23	75027	0.6	1	71954 3073
24	137374	0.6	1	131256 6118
25	42614	0.6	1	40537 2077
26	73202	0.6	1	70485 2717
27	139771	0.6	1	134662 5109
28	37797	0.6	1	36266 1531
29	84710	0.6	1	82130 2580
30	59097	0.6	1	57324 1773
31	20089	0.6	1	19298 791
32	67219	0.6	1	65030 2189
33	92566	0.6	1	90310 2256
34	19814	0.6	1	19007 807
35	39169	0.6	1	37929 1240
36	129064	0.6	1	126257 2807
37	14756	0.6	1	14153 603
38	38727	0.6	1	37628 1099
39	35579	0.6	1	34825 754
40	37202	0.6	1	36239 963
41	12449	0.6	1	11986 463
42	31639	0.6	1	30804 835
43	18699	0.6	1	18121 578
44	18670	0.6	1	17990 680
45	47576	0.6	1	46559 1017
46	5023	0.6	1	4702 321
47	15211	0.6	1	14684 527
48	23942	0.6	1	23349 593
49	6548	0.6	1	6299 249
50	11859	0.6	1	11476 383
51	9960	0.6	1	9629 331
52	12501	0.6	1	12125 376
53	1408	0.6	1	1242 166
54	9306	0.6	1	9010 296
55	10978	0.6	1	10644 334
56	5270	0.6	1	5059 211
57	12433	0.6	1	12055 378
58	8899	0.6	1	8633 266
59	2535	0.6	1	2362 173
60	2422	0.6	1	2301 121
61	2009	0.6	1	1896 113
62	5562	0.6	1	5319 243
63	1038	0.6	1	948 90
64	3081	0.6	1	2925 156
65	1245	0.6	1	1152 93
66	2077	0.6	1	1929 148
67	3186	0.6	1	3028 158
68	1287	0.6	1	1190 97
69	855	0.6	1	784 71
70	2196	0.6	1	2073 123
71	640	0.6	1	561 79
72	1045	0.6	1	949 96
73	1562	0.6	1	1458 104
74	1657	0.6	1	1562 95
75	1149	0.6	1	1075 74
76	447	0.6	1	393 54
77	491	0.6	1	433 58
78	703	0.6	1	650 53
79	802	0.6	1	730 72
80	725	0.6	1	662 63
81	709	0.6	1	642 67
82	629	0.6	1	563 66
83	586	0.6	1	526 60
84	540	0.6	1	476 64
85	559	0.6	1	492 67
86	512	0.6	1	458 54
87	588	0.6	1	538 50
88	576	0.6	1	499 77
89	471	0.6	1	411 60
90	452	0.6	1	394 58
91	367	0.6	1	325 42
92	367	0.6	1	316 51
93	294	0.6	1	261 33
94	328	0.6	1	249 79
95	283	0.6	1	215 68
96	295	0.6	1	245 50
97	288	0.6	1	247 41
98	281	0.6	1	248 33
99	246	0.6	1	217 29
100	276	0.6	1	202 74
101	252	0.6	1	204 48
102	206	0.6	1	165 41
103	220	0.6	1	177 43
104	199	0.6	1	157 42
105	198	0.6	1	152 46
106	184	0.6	1	147 37
107	186	0.6	1	156 30
108	183	0.6	1	145 38
109	191	0.6	1	149 42
110	143	0.6	1	115 28
111	162	0.6	1	119 43
112	150	0.6	1	121 29
113	172	0.6	1	122 50
114	168	0.6	1	121 47
115	103	0.6	1	81 22
116	165	0.6	1	140 25
117	131	0.6	1	96 35
118	129	0.6	1	111 18
119	95	0.6	1	66 29
120	115	0.6	1	82 33
121	104	0.6	1	76 28
122	87	0.6	1	65 22
123	113	0.6	1	76 37
124	99	0.6	1	58 41
125	78	0.6	1	56 22
126	121	0.6	1	69 52
127	63	0.6	1	43 20
128	66	0.6	1	40 26
129	64	0.6	1	54 10
130	61	0.6	1	43 18
131	51	0.6	1	35 16
132	68	0.6	1	51 17
133	70	0.6	1	43 27
134	441	0.6	1	413 28
135	106	0.6	1	69 37
136	71	0.6	1	36 35
137	100	0.6	1	77 23
138	112	0.6	1	92 20
139	41	0.6	1	35 6
140	40	0.6	1	31 9
141	430	0.6	1	416 14
142	84	0.6	1	70 14
143	60	0.6	1	53 7
144	46	0.6	1	35 11
145	52	0.6	1	28 24
146	44	0.6	1	28 16
147	81	0.6	1	33 48
148	70	0.6	1	33 37
149	119	0.6	1	56 63
150	3780	0.6	1	3247 533

RUN STATISTICS FOR INPUT FILE: raw/9_R2_001.fastq.gz
=============================================
40725357 sequences processed in total

Total number of sequences analysed for the sequence pair length validation: 40725357

Number of sequence pairs removed because at least one read was shorter than the length cutoff (20 bp): 161145 (0.40%)
